0.0000000 0.1000000 21.9000000 8.4852814 8.4852814 0.0000000
0.0000000 0.1998518 21.8001840 8.4699315 8.5007150 3.1192681
0.0001812 0.2997243 21.7004083 8.4555171 8.5153585 2.8922321
0.0005304 0.3996145 21.6006613 8.4419793 8.5292411 2.6778345
0.0010352 0.4995199 21.5009333 8.4292636 8.5423914 2.4754401
0.0016840 0.5994383 21.4012163 8.4173195 8.5548381 2.2844430
0.0024657 0.6993678 21.3015037 8.4060998 8.5666092 2.1042664
0.0033697 0.7993068 21.2017899 8.3955609 8.5777326 1.9343605
0.0043863 0.8992536 21.1020706 8.3856620 8.5882352 1.7742020
0.0055061 0.9992072 21.0023423 8.3763652 8.5981438 1.6232927
0.0067204 1.0991665 20.9026022 8.3676349 8.6074843 1.4811586
0.0080209 1.1991303 20.8028484 8.3594380 8.6162819 1.3473486
0.0093998 1.2990981 20.7030792 8.3517435 8.6245613 1.2214336
0.0108498 1.3990691 20.6032938 8.3445224 8.6323462 1.1030056
0.0123640 1.4990426 20.5034913 8.3377475 8.6396598 0.9916763
0.0139359 1.5990183 20.4036716 8.3313933 8.6465245 0.8870767
0.0155595 1.6989956 20.3038345 8.3254359 8.6529619 0.7888557
0.0172290 1.7989743 20.2039803 8.3198527 8.6589927 0.6966797
0.0189390 1.8989540 20.1041093 8.3146227 8.6646371 0.6102314
0.0206846 1.9989345 20.0042220 8.3097259 8.6699145 0.5292091
0.0224609 2.0989156 19.9043191 8.3051437 8.6748434 0.4533261
0.0242636 2.1988971 19.8044013 8.3008583 8.6794416 0.3823097
0.0260886 2.2988789 19.7044692 8.2968532 8.6837264 0.3159009
0.0279320 2.3988610 19.6045238 8.2931127 8.6877141 0.2538532
0.0297901 2.4988431 19.5045658 8.2896220 8.6914204 0.1959327
0.0316597 2.5988253 19.4045961 8.2863672 8.6948605 0.1419168
0.0335375 2.6988076 19.3046156 8.2833349 8.6980486 0.0915940
0.0354206 2.7987898 19.2046251 8.2805129 8.7009987 0.0447634
0.0373063 2.8987720 19.1046253 8.2778892 8.7037238 0.0012339
0.0391921 2.9987542 19.0046172 8.2754528 8.7062364 -0.0391757
0.0410757 3.0987364 18.9046014 8.2731932 8.7085485 -0.0766380
0.0429547 3.1987185 18.8045788 8.2711002 8.7106716 -0.1113166
0.0448273 3.2987007 18.7045499 8.2691646 8.7126165 -0.1433673
0.0466916 3.3986829 18.6045156 8.2673773 8.7143934 -0.1729376
0.0485458 3.4986651 18.5044763 8.2657300 8.7160124 -0.2001681
0.0503883 3.5986473 18.4044328 8.2642146 8.7174826 -0.2251918
0.0522177 3.6986296 18.3043856 8.2628234 8.7188130 -0.2481354
0.0540327 3.7986121 18.2043352 8.2615494 8.7200120 -0.2691189
0.0558321 3.8985946 18.1042821 8.2603858 8.7210877 -0.2882564
0.0576147 3.9985773 18.0042267 8.2593260 8.7220477 -0.3056560
0.0593795 4.0985601 17.9041695 8.2583639 8.7228991 -0.3214204
0.0611256 4.1985432 17.8041108 8.2574938 8.7236489 -0.3356470
0.0628521 4.2985264 17.7040511 41.6331814 8.7243035 -0.3484283
0.0643706 4.3875051 17.6217020 8.1355427 8.8675642 27.1372273
0.0676001 4.4873708 17.5210346 41.0782573 8.8595254 -2.3227727
0.0703767 4.5769754 17.4413145 8.0266748 9.0066160 26.3012403
0.0749431 4.6766083 17.3397090 40.5977935 8.9896300 -4.1528693
0.0788573 4.7667696 17.2620522 40.0673816 9.1400159 25.5163092
0.0841080 4.8575183 17.1866807 7.8255889 9.2942630 24.6318649
0.0912298 4.9566314 17.0828400 39.6924015 9.2651840 -6.4416577
0.0974406 5.0478359 17.0086843 39.2239426 9.4218536 23.9137363
0.1049366 5.1395553 16.9362143 38.7867215 9.5819095 23.0370536
0.1136869 5.2317505 16.8651292 7.5588853 9.7450686 22.1659149
0.1242464 5.3298413 16.7568959 38.5344759 9.6964928 -9.3989427
0.1336971 5.4223652 16.6860747 38.1436396 9.8608180 21.5569137
0.1443442 5.5152991 16.6161778 37.7781819 10.0277324 20.7040764
0.1561489 5.6085795 16.5470423 37.4355257 10.1972550 19.9075587
0.1690591 5.7020476 16.4788755 37.1107035 10.3707776 19.3424834
0.1830513 5.7956932 16.4114804 36.8028432 10.5480352 18.7640747
0.1981004 5.8895056 16.3446628 7.1080657 10.7287296 18.1732159
0.2143217 5.9843014 16.2237791 36.7305267 10.6200307 -15.9009124
0.2295107 6.0782228 16.1563551 36.4433491 10.8004496 17.9332311
0.2457185 6.1722963 16.0892628 36.1712739 10.9838236 17.3318347
0.2629173 6.2665113 16.0223225 35.9135772 11.1697837 16.7205881
0.2810779 6.3608569 15.9553602 35.6695713 11.3579311 16.1007209
0.3001702 6.4553222 15.8882093 35.4386022 11.5478389 15.4735629
0.3201627 6.5498964 15.8207110 35.2200467 11.7390549 14.8405370
0.3410229 6.6445686 15.7527152 35.0133104 11.9311054 14.2031503
0.3627173 6.7393282 15.6840819 34.8178254 12.1234988 13.5629820
0.3852118 6.8341646 15.6146813 34.6330486 12.3157305 12.9216708
0.4084712 6.9290676 15.5443950 34.4584602 12.5072883 12.2808982
0.4324601 7.0240270 15.4731165 34.2935623 12.6976575 11.6423722
0.4571424 7.1190333 15.4007516 34.1378775 12.8863270 11.0078083
0.4824818 7.2140772 15.3272186 33.9909480 13.0727952 10.3789100
0.5084417 7.3091501 15.2524486 33.8523347 13.2565759 9.7573493
0.5349858 7.4042439 15.1763854 33.7216163 13.4372039 9.1447471
0.5620778 7.4993510 15.0989855 33.5983887 13.6142405 8.5426537
0.5896818 7.5944647 15.0202176 33.4822644 13.7872780 7.9525318
0.6177622 7.6895787 14.9400620 33.3728721 13.9559443 7.3757400
0.6462844 7.7846878 14.8585104 33.2698558 14.1199060 6.8135188
0.6752142 7.8797873 14.7755648 33.1728750 14.2788710 6.2669799
0.7045184 7.9748732 14.6912367 33.0816039 14.4325904 5.7370967
0.7341647 8.0699425 14.6055465 32.9957311 14.5808593 5.2246987
0.7641220 8.1649927 14.5185224 32.9149594 14.7235171 4.7304689
0.7943603 8.2600222 14.4301992 32.8390056 14.8604463 4.2549431
0.8248506 8.3550299 14.3406177 32.7675996 14.9915716 3.7985124
0.8555652 8.4500153 14.2498235 32.7004847 15.1168574 3.3614281
0.8864779 8.5449786 14.1578661 32.6374171 15.0836146 2.9438087
0.9175500 8.6398792 14.0662114 32.5733177 14.9637826 3.0546181
0.9487783 8.7346869 13.9756667 32.5054737 14.8425870 3.4540580
0.9801827 8.8293890 13.8862570 32.4339010 14.7200890 3.8580435
1.0117834 8.9239726 13.7980094 32.3586264 14.5963545 4.2663702
1.0436008 9.0184243 13.7109532 32.2796871 14.4714541 4.6788183
1.0756549 9.1127305 13.6251197 32.1971314 14.3454626 5.0951529
1.1079661 9.2068773 13.5405422 32.1110184 14.2184590 5.5151247
1.1405546 9.3008504 13.4572563 32.0214177 14.0905263 5.9384701
1.1734407 9.3946353 13.3752995 31.9284102 13.9617515 6.3649122
1.2066445 9.4882171 13.2947115 31.8320870 13.8322247 6.7941618
1.2401861 9.5815806 13.2155340 31.7325497 13.7020397 7.2259176
1.2740854 9.6747104 13.1378105 31.6299100 13.5712929 7.6598677
1.3083622 9.7675909 13.0615867 31.5242895 13.4400834 8.0956905
1.3430361 9.8602060 12.9869105 31.4158190 13.3085128 8.5330552
1.3781264 9.9525395 12.9138313 31.3046386 13.1766844 8.9716240
1.4136523 10.0445750 12.8424009 31.1908965 13.0447033 9.4110519
1.4496327 10.1362958 12.7726727 31.0747492 12.9126756 9.8509890
1.4860861 10.2276851 12.7047024 30.9563603 12.7807085 10.2910813
1.5230307 10.3187258 12.6385473 30.8359005 12.6489096 10.7309717
1.5604844 10.4094006 12.5742669 30.7135463 12.5173866 11.1703014
1.5984646 10.4996922 12.5119226 30.5894799 12.3862471 11.6087113
1.6369885 10.5895831 12.4515777 30.4638885 12.2555980 12.0458430
1.6760727 10.6790557 12.3932976 30.3369630 12.1255455 12.4813399
1.7157333 10.7680922 12.3371497 30.2088981 11.9961942 12.9148485
1.7559860 10.8566749 12.2832035 30.0798912 11.8676477 13.3460192
1.7968460 10.9447858 12.2315309 29.9501419 11.7400072 13.7745078
1.8383279 11.0324072 12.1822056 29.8198509 11.6133723 14.1999759
1.8804459 11.1195209 12.1353040 29.6892201 11.4878400 14.6220922
1.9232135 11.2061091 12.0909050 29.5584513 11.3635049 15.0405332
1.9666438 11.2921538 12.0490897 29.4277460 11.2404585 15.4549838
2.0107490 11.3776371 12.0099424 29.2973048 11.1187900 15.8651382
2.0555410 11.4625411 11.9735500 29.1673266 10.9985849 16.2707001
2.1010309 11.5468480 11.9400027 29.0380083 10.8799259 16.6713838
2.1472294 11.6305400 11.9093938 28.9095446 10.7628922 17.0669138
2.1941464 11.7135993 11.8818205 28.7821271 10.6475599 17.4570260
2.2417911 11.7960085 11.8573834 28.6559442 10.5340014 17.8414670
2.2901723 11.8777499 11.8361878 28.5311809 10.4222860 18.2199952
2.3392979 11.9588062 11.8183430 28.4080181 10.3124792 18.5923801
2.3891754 12.0391602 11.8039634 28.2866328 10.2046434 18.9584027
2.4398114 12.1187946 11.7931688 28.1671977 10.0988374 19.3178554
2.4912121 12.1976926 11.7860843 28.0498809 9.9951170 19.6705418
2.5433803 12.2758333 11.7828827 27.9348254 9.8935303 20.0244248
2.5962637 12.3531162 11.7845603 27.8218085 9.7940570 20.5371142
2.6498675 12.4295150 11.7913595 27.7110752 9.6967878 21.0476957
2.7041963 12.5050037 11.8035366 27.6028721 9.6018117 21.5553615
2.7592537 12.5795570 11.8213629 27.4974468 9.5092156 22.0592731
2.8150426 12.6531498 11.8451263 27.3950474 9.4190843 22.5585639
2.8715654 12.7257575 11.8751324 27.2959213 9.3315002 23.0523413
2.9288237 12.7973565 11.9117060 27.2003154 9.2465434 23.5396890
2.9868184 12.8679236 11.9551930 27.1084747 9.1642912 24.0196704
3.0455498 12.9374366 12.0059624 27.0206422 9.0848184 24.4913313
3.1050179 13.0058739 12.0644085 26.9370580 9.0081969 24.9537030
3.1652219 13.0732152 12.1309532 26.8579587 8.9344960 25.4058066
3.2261607 13.1394407 12.2060488 26.7835770 8.8637819 25.8466562
3.2878327 13.2045319 12.2901816 26.7141410 8.7961180 26.2752627
3.3502362 13.2684713 12.3838746 26.6498738 8.7315648 26.6906382
3.4133690 13.3312423 12.4876923 26.5909926 8.6701798 27.0918003
3.4772287 13.3928296 12.6022446 26.5377088 8.6120179 27.4777757
3.5418128 13.4532189 12.7281921 26.4902269 8.5571309 27.8476053
3.6071188 13.5123968 12.8662520 26.4487446 8.5055681 28.2003478
3.6731441 13.5703513 13.0172046 26.4134518 8.4573760 28.5350846
3.7398860 13.6270712 13.1819003 26.3845309 8.4125986 28.8509238
3.8073419 13.6825464 13.3612689 26.3621555 8.3712773 29.1470043
3.8755094 13.7367679 13.5563287 26.3464908 8.3334512 29.4225002
3.9443861 13.7897275 13.7681977 25.9634505 8.2991572 29.6766243
4.0139699 13.8414179 13.9981069 23.6450118 8.2684299 29.9086327
4.0842586 13.8918328 14.2474144 21.7396430 8.2413019 30.1178276
4.1552504 13.9409667 14.5176229 20.1459871 8.2178039 30.3035614
4.2269437 13.9888146 14.8103996 18.7934133 8.1979645 30.4652398
4.2993370 14.0353724 15.1275990 17.6311903 8.1818107 30.6023247
4.3724288 14.0806366 15.4712904 16.6219359 8.1693679 30.7143374
4.4462180 14.1246042 29.4495713 15.7374938 8.1606594 30.8008610
4.5212502 14.1675860 29.0869442 14.9760532 8.1545256 30.1500956
4.5984645 14.2101091 28.7521248 14.3479468 8.1485855 28.1772912
4.6774550 14.2519971 28.4399195 13.8176850 8.1431363 26.6072895
4.7579407 14.2931448 28.1465811 13.3618214 8.1383706 25.3190629
4.8397170 14.3334874 27.8693052 12.9641375 8.1344181 24.2363084
4.9226288 14.3729846 27.6059301 12.6129972 8.1313688 23.3082789
5.0065546 14.4116112 27.3547481 12.2997993 8.1292863 22.4997725
5.0913969 14.4493522 27.1143825 12.0180270 8.1282158 21.7855263
5.1770755 14.4861991 26.8837036 11.7626379 8.1281896 21.1468953
5.2635232 14.5221483 26.6617705 11.5296603 8.1292307 20.5697924
5.3506827 14.5571993 26.4477889 11.3159166 8.1313545 20.0433604
5.4385047 14.5913538 26.2410804 11.1188299 8.1345712 19.5590878
5.5269459 14.6246154 26.0410594 10.9362855 8.1388866 19.1102030
5.6159681 14.6569890 25.8472155 10.7665286 8.1443029 18.6912494
5.7055372 14.6884802 25.6591003 10.6080899 8.1508197 18.2977804
5.7956225 14.7190955 25.4763163 10.4597279 8.1584339 17.9261367
5.8861960 14.7488419 25.2985090 10.3203854 8.1671407 17.5732807
5.9772323 14.7777268 25.1253601 10.1891560 8.1769333 17.2366718
6.0687079 14.8057581 24.9565819 10.0652571 8.1878035 16.9141706
6.1606012 14.8329439 24.7919129 9.9480090 8.1997418 16.6039651
6.2529914 14.8593208 24.6318192 9.8389383 8.2121490 16.0922676
6.3459619 14.8849355 24.4767732 9.7397196 8.2242730 15.3458799
6.4394621 14.9098097 24.3262918 9.6492469 8.2360943 14.6423133
6.5334458 14.9339654 24.1799422 9.5665614 8.2475986 13.9792357
6.6278712 14.9574249 24.0373364 9.4908289 8.2587770 13.3543648
6.7227005 14.9802102 23.8981263 9.4213206 8.2696243 12.7654844
6.8178992 15.0023432 23.7619997 9.3573984 8.2801387 12.2104567
6.9134361 15.0238456 23.6286762 9.2985011 8.2903216 11.6872308
7.0092831 15.0447382 23.4979037 9.2441342 8.3001766 11.1938483
7.1054144 15.0650416 23.3694555 9.1938603 8.3097089 10.7284471
7.2018070 15.0847758 23.2431277 9.1472922 8.3189257 10.2892627
7.2984396 15.1039601 23.1187364 9.1040855 8.3278351 9.8746278
7.3952932 15.1226131 22.9961157 9.0639335 8.3364462 9.4829714
7.4923505 15.1407528 22.8751160 9.0265627 8.3447686 9.1128162
7.5895956 15.1583966 22.7556019 8.9917282 8.3528125 8.7627757
7.6870142 15.1755612 22.6374512 8.9592107 8.3605884 8.4315506
7.7845932 15.1922624 22.5205528 8.9288130 8.3681068 8.1179251
7.8823207 15.2085159 22.4048063 8.9003578 8.3753783 7.8207629
7.9801858 15.2243362 22.2901206 8.8736855 8.3824134 7.5390028
8.0781786 15.2397375 22.1764125 8.8486516 8.3892225 7.2716547
8.1762900 15.2547335 22.0636069 8.8251257 8.3958157 7.0177954
8.2745117 15.2693371 21.9516348 8.8029896 8.4022027 6.7765644
8.3728360 15.2835609 21.8404337 8.7821360 8.4083932 6.5471605
8.4712560 15.2974167 21.7299465 8.7624676 8.4143963 6.3288372
8.5697653 15.3109160 21.6201208 8.7438956 8.4202209 6.1208996
8.6683579 15.3240698 21.5109088 8.7263395 8.4258755 5.9227010
8.7670284 15.3368887 21.4022666 8.7097254 8.4313681 5.7336394
8.8657718 15.3493828 21.2941542 8.6939861 8.4367064 5.5531544
8.9645834 15.3615617 21.1865347 8.6790600 8.4418978 5.3807246
9.0634590 15.3734349 21.0793740 8.6648909 8.4469492 5.2158644
9.1623947 15.3850111 20.9726411 8.6514271 8.4518673 5.0581220
9.2613866 15.3962992 20.8663072 8.6386210 8.4566582 4.9070767
9.3604315 15.4073072 20.7603457 8.6264293 8.4613278 4.7623366
9.4595262 15.4180432 20.6547323 8.6148118 8.4658818 4.6235366
9.5586678 15.4285148 20.5494443 8.6037317 8.4703254 4.4903370
9.6578535 15.4387293 20.4444607 8.5931549 8.4746634 4.3624206
9.7570808 15.4486940 20.3397624 8.5830500 8.4789005 4.2394921
9.8563473 15.4584155 20.2353312 8.5733882 8.4830411 4.1212760
9.9556509 15.4679005 20.1311505 8.5641426 8.4870893 4.0075153
10.0549894 15.4771554 20.0272050 8.5552885 8.4910488 3.8979702
10.1543609 15.4861862 19.9234801 8.5468028 8.4949234 3.7924167
10.2537636 15.4949989 19.8199625 8.5386645 8.4987163 3.6906458
10.3531958 15.5035993 19.7166399 8.5308536 8.5024307 3.5924620
10.4526560 15.5119928 19.6135005 8.5233518 8.5060696 3.4976827
10.5521427 15.5201848 19.5105335 8.5161423 8.5096357 3.4061369
10.6516544 15.5281804 19.4077289 8.5092090 8.5131317 3.3176650
10.7511898 15.5359847 19.3050771 8.5025372 8.5165599 3.2321172
10.8507478 15.5436026 19.2025695 8.4961132 8.5199226 3.1493535
10.9503271 15.5510387 19.1001976 8.4899242 8.5232221 3.0692424
11.0499266 15.5582975 18.9979538 8.4839582 8.5264601 2.9916608
11.1495454 15.5653836 18.8958308 8.4782041 8.5296387 2.9164932
11.2491824 15.5723011 18.7938218 8.4726512 8.5327595 2.8436311
11.3488368 15.5790542 18.6919204 8.4672900 8.5358242 2.7729728
11.4485076 15.5856470 18.5901207 8.4621112 8.5388343 2.7044224
11.5481940 15.5920834 18.4884171 8.4571063 8.5417912 2.6378899
11.6478954 15.5983671 18.3868042 8.4522672 8.5446964 2.5732907
11.7476109 15.6045019 18.2852770 8.4475863 8.5475510 2.5105450
11.8473398 15.6104914 18.1838309 8.4430565 8.5503563 2.4495777
11.9470815 15.6163391 18.0824615 8.4386713 8.5531134 2.3903178
12.0468354 15.6220483 17.9811647 8.4344242 8.5558233 2.3326987
12.1466009 15.6276224 17.8799364 8.4303094 8.5584871 2.2766571
12.2463774 15.6330645 17.7787731 8.4263214 8.5611056 2.2221334
12.3461643 15.6383779 17.6776713 8.4224548 26.3708169 2.1690713
12.4360267 15.6430492 17.6029141 8.5690988 8.4472101 -25.8633831
12.5355461 15.6496798 17.5004236 8.5557056 26.4476450 4.1322596
12.6266424 15.6555295 17.4260411 8.7004610 26.7271565 -24.0993216
12.7189061 15.6627201 17.3520148 8.8431506 26.9869096 -22.2660075
12.8121672 15.6711780 17.2779237 8.9832704 8.1605869 -20.5380730
12.9103380 15.6812426 17.1700001 8.9401484 26.8927282 9.3007469
13.0042156 15.6903560 17.0951513 9.0774496 27.1122535 -19.4057641
13.0988442 15.7006036 17.0197349 9.2115143 27.3103077 -17.8582631
13.1941041 15.7119076 16.9435174 9.3419989 27.4865549 -16.4064445
13.2898913 15.7241911 16.8663183 9.4686167 27.6408688 -15.0463728
13.3861161 15.7373791 16.7880033 9.5911357 27.7733112 -13.7738453
13.4827014 15.7513991 16.7084770 9.7093754 27.8841113 -12.5845039
13.5795816 15.7661818 16.6276770 9.8232036 27.9736434 -11.4739273
13.6767010 15.7816611 16.5455686 9.9325319 28.0424062 -10.4377036
13.7740127 15.7977746 16.4621394 10.0373119 28.0910017 -9.4714887
13.8714074 15.8144515 16.3779135 10.1397501 28.1264534 -8.8397199
13.9687509 15.8316335 16.2937870 10.2437022 28.1600931 -8.7043783
14.0660419 15.8493131 16.2097343 10.3491244 28.1917743 -8.5665092
14.1632796 15.8674823 16.1257297 10.4559690 28.2213477 -8.4261449
14.2604628 15.8861333 16.0417483 10.5641852 28.2486612 -8.2833225
14.3575909 15.9052580 15.9577650 10.6737182 28.2735604 -8.1380846
14.4546630 15.9248480 15.8737554 10.7845099 28.2958887 -7.9904791
14.5516785 15.9448951 15.7896951 10.8964982 28.3154880 -7.8405594
14.6486370 15.9653908 15.7055605 11.0096176 28.3321988 -7.6883846
14.7455379 15.9863263 15.6213281 11.1237991 28.3458608 -7.5340198
14.8423810 16.0076928 15.5369751 11.2389697 28.3563134 -7.3775360
14.9391661 16.0294815 15.4524792 11.3550534 28.3633962 -7.2190103
15.0358929 16.0516834 15.3678187 11.4719706 28.3669495 -7.0585260
15.1325614 16.0742892 15.2829724 11.5896383 28.3668146 -6.8961725
15.2291718 16.0972897 15.1979200 11.7079705 28.3628350 -6.7320455
15.3257240 16.1206755 15.1126417 11.8268783 28.3548566 -6.5662465
15.4222185 16.1444372 15.0271185 11.9462698 28.3427281 -6.3988837
15.5186554 16.1685651 14.9413324 12.0660507 28.3263023 -6.2300706
15.6150351 16.1930496 14.8552660 12.1861242 28.3054361 -6.0599271
15.7113583 16.2178809 14.7689028 12.3063916 28.2799916 -5.8885783
15.8076254 16.2430493 14.6822274 12.4267522 28.2498367 -5.7161549
15.9038370 16.2685448 14.5952252 12.5471039 28.2148453 -5.5427928
15.9999940 16.2943574 14.5078826 12.6673434 28.1748987 -5.3686325
16.0960971 16.3204773 14.4201870 12.7873666 28.1298855 -5.1938190
16.1921472 16.3468943 14.3321269 12.9070688 28.0797028 -5.0185014
16.2881452 16.3735984 14.2436918 13.0263452 28.0242562 -4.8428323
16.3840922 16.4005794 14.1548722 13.1450913 27.9634608 -4.6669674
16.4799892 16.4278272 14.0656599 13.2632032 27.8972416 -4.4910649
16.5758374 16.4553319 13.9760476 13.3805779 27.8255336 -4.3152852
16.6716380 16.4830831 13.8860290 13.4971141 27.7482827 -4.1397897
16.7673923 16.5110708 13.7955992 13.6127119 27.6654456 -3.9647412
16.8631015 16.5392851 13.7047541 13.7272738 27.5769905 -3.7903022
16.9587671 16.5677157 13.6134909 13.8407048 27.4828969 -3.6166349
17.0543905 16.5963528 13.5218078 13.9529126 27.3831560 -3.4439005
17.1499732 16.6251863 13.4297038 14.0638083 27.2777707 -3.2722582
17.2455166 16.6542065 13.3371792 14.1733066 27.1667557 -3.1018652
17.3410224 16.6834036 13.2442353 14.2813258 27.0501372 -2.9328752
17.4364921 16.7127677 13.1508742 14.2042475 26.9279529 -2.7654386
17.5319047 16.7422823 13.0577964 14.0839298 26.8087589 -2.8849891
17.6272515 16.7719520 12.9651653 13.9631488 26.6945296 -3.0708671
17.7225281 16.8017865 12.8729833 13.8419392 26.5852625 -3.2565618
17.8177300 16.8317957 12.7812527 13.7203362 26.4809604 -3.4420163
17.9128526 16.8619894 12.6899762 13.5983753 26.3816315 -3.6271743
18.0078915 16.8923772 12.5991565 13.4760924 26.2872895 -3.8119798
18.1028419 16.9229689 12.5087968 13.3535236 26.1979536 -3.9963775
18.1976992 16.9537740 12.4189002 13.2307053 26.1136493 -4.1803127
18.2924587 16.9848021 12.3294701 13.1076741 26.0344076 -4.3637315
18.3871156 17.0160627 12.2405102 12.9844665 25.9602661 -4.5465808
18.4816652 17.0475652 12.1520242 12.8611191 25.8912690 -4.7288084
18.5761027 17.0793190 12.0640158 12.7376686 25.8274670 -4.9103630
18.6704231 17.1113333 11.9764891 12.6141515 25.7689182 -5.0911947
18.7646215 17.1436173 11.8894482 12.4906042 25.7156880 -5.2712544
18.8586930 17.1761800 11.8028973 12.3670628 25.6678496 -5.4504943
18.9526325 17.2090306 11.7168408 12.2435632 25.6254847 -5.6288678
19.0464350 17.2421780 11.6312830 12.1201412 25.5886834 -5.8063298
19.1400953 17.2756308 11.5462284 11.9968319 25.5575451 -5.9828363
19.2336084 17.3093980 11.4616817 11.8736703 25.5321791 -6.1583449
19.3269690 17.3434880 11.3776474 11.7506906 25.5127049 -6.3328146
19.4201719 17.3779094 11.2941301 11.6279270 25.4992530 -6.5062056
19.5132117 17.4126706 11.2111347 11.5054127 25.4919657 -6.6784800
19.6060831 17.4477799 11.1286660 11.3831805 25.4909980 -6.8496012
19.6987807 17.4832454 11.0467286 11.2612628 25.4965180 -7.0195341
19.7912991 17.5190752 10.9653274 11.1396911 25.5087087 -7.1882452
19.8836328 17.5552771 10.8844674 11.0184963 25.5277681 -7.3557026
19.9757762 17.5918591 10.8041533 10.8977086 25.5539113 -7.5218759
20.0677237 17.6288287 10.7243901 10.7773575 25.5873710 -7.6867363
20.1594696 17.6661934 10.6451827 10.6574717 25.6283998 -7.8502566
20.2510084 17.7039607 10.5665359 10.5380793 25.6772709 -8.0124110
20.3423341 17.7421379 10.4884547 10.4192074 25.7342807 -8.1731754
20.4334411 17.7807319 10.4109441 10.3008823 25.7997504 -8.3325272
20.5243235 17.8197499 10.3340089 10.1831298 25.8740279 -8.4904452
20.6149754 17.8591987 10.2576540 10.0659745 25.9574911 -8.6469097
20.7053908 17.8990848 10.1818844 9.9494403 26.0505498 -8.8019026
20.7954703 17.9393732 10.1077810 9.8328655 26.1686919 -9.3245181
20.8850521 17.9800212 10.0368821 9.7154654 26.3344976 -10.3511865
20.9740694 18.0210582 9.9694271 9.5974118 26.5531681 -11.4176834
21.0625015 18.0625356 9.9052244 9.4791243 26.8243704 -12.3764245
21.1503484 18.1045075 9.8439801 9.3610259 27.1467052 -13.1978933
21.2375572 18.1469935 9.7859220 9.2432558 27.5268859 -14.0524277
21.3240711 18.1900118 9.7313008 9.1259636 27.9729740 -14.9414847
21.4098292 18.2335786 9.6803932 9.0093094 28.4947302 -15.8666336
21.4947664 18.2777082 9.6335047 8.8934643 29.1040814 -16.8295767
21.5788129 18.3224119 9.5909734 8.7786108 29.8157519 -17.8321745
21.6618940 18.3676980 9.5531744 8.6649433 30.6481292 -18.8764779
21.7439296 18.4135709 9.5205250 8.5526685 31.6244727 -19.9647678
21.8248343 18.4600306 9.4934907 8.4420061 32.5694455 -21.0996051
21.9045164 18.5070717 9.4725927 8.3331896 32.4176486 -22.2838943
21.9828779 18.5546825 9.4584160 8.2264670 32.2664247 -23.5209622
22.0598136 18.6028442 9.4516211 8.1221021 32.1164886 -24.8146598
22.1352109 18.6515288 9.4529562 8.0203757 31.9686279 -26.1694906
22.2089486 18.7006984 9.4632732 7.9215876 31.8237097 -27.5907761
22.2813237 18.7505970 9.4808634 7.8260429 31.6840814 -28.4669314
22.3523677 18.8012692 9.5057308 7.7338791 31.5505771 -29.2336998
22.4220074 18.8526781 9.5385926 7.6452207 31.4236452 -30.0491387
22.4901624 18.9047792 9.5802794 7.5602092 31.3037897 -30.9202793
22.5567442 18.9575178 9.6317603 7.4790064 31.1915818 -31.8555404
22.6216541 19.0108271 9.6941741 7.4017987 31.0876750 -32.8650866
22.6847818 19.0646247 9.7688688 7.3288029 30.9928236 -33.9613060
22.7460026 19.1188090 9.8574553 7.2602730 30.9079070 -35.1594541
22.8051740 19.1732534 9.9618751 7.1965097 30.8339604 -36.4785374
22.8621315 19.2277986 10.0844939 7.1378720 30.7722165 -37.9425468
22.9172990 19.2828569 10.2234595 7.0841247 30.7233175 -38.7929619
22.9709411 19.3386942 10.3779562 7.0350587 30.6874771 -39.2591497
23.0230609 19.3953076 10.5492226 6.9906997 30.6650538 -39.6895766
23.0737247 19.4527655 10.7380699 6.9509873 30.6562232 -40.0000000
23.1231362 19.5113039 10.9439675 6.9156369 30.6605971 -40.0000000
23.1712721 19.5708956 11.1685080 6.8846423 30.6782616 -40.0000000
23.2181102 19.6315128 11.4135043 6.8580079 30.7093347 -40.0000000
23.2636284 19.6931271 11.6810283 6.8357481 30.7539669 -40.0000000
23.3078057 19.7557100 11.9734577 6.8178881 27.7702012 -40.0000000
23.3506214 19.8192321 12.2935336 6.8044636 25.2051919 -40.0000000
23.3920555 19.8836638 12.6444320 6.7955218 23.1088523 -40.0000000
23.4320888 19.9489752 13.0298522 6.7911212 21.3630894 -40.0000000
23.4707025 20.0151358 13.4541282 6.7913320 19.8864109 -40.0000000
23.5078787 20.0821147 13.9223701 6.7962374 18.6207646 -40.0000000
23.5436000 20.1498807 14.4406446 6.8059334 17.5236764 -40.0000000
23.5778498 20.2184022 15.0162083 6.8205301 16.5633534 -40.0000000
23.6106121 20.2876472 15.6578138 6.8401522 15.7155244 -40.0000000
23.6418716 20.3575835 16.3761140 6.8649401 14.9613403 -40.0000000
23.6730688 20.4316322 17.1103597 6.8886517 14.3432957 -36.5322272
23.7038869 20.5090685 17.8615065 6.9114207 13.8286961 -33.5467929
23.7340862 20.5892420 18.6332918 6.9335447 13.3928580 -31.0490358
23.7635198 20.6716730 19.4292787 6.9552361 13.0184207 -28.9216138
23.7920987 20.7559971 20.2529350 6.9766489 12.6928247 -27.0821872
23.8197712 20.8419315 21.1077051 6.9978959 12.4067580 -25.4713131
23.8465100 20.9292518 21.9970736 7.0190609 12.1531664 -24.0450080
23.8723040 21.0177771 22.9246218 7.0402056 11.9266060 -22.7700229
23.8971531 21.1073588 23.8940793 7.0613756 11.7228050 -21.6207493
23.9210648 21.1978736 24.9093738 7.0826042 11.5383626 -20.5771379
23.9440517 21.2892178 25.9746797 7.1039149 11.3705358 -19.6232634
23.9661297 21.3813032 27.0944690 7.1253236 11.2170865 -18.7463128
23.9873171 21.4740542 28.2735638 7.1468403 11.0761695 -17.9358591
24.0076340 21.5674054 29.0372637 7.1684701 10.9462489 -17.1833294
24.0271011 21.6612996 28.8859475 7.1902144 10.8260352 -16.4816101
24.0457399 21.7556869 28.7392709 7.2120710 10.7144378 -15.8247490
24.0635720 21.8505231 28.5967923 7.2340356 10.6105271 -15.2077281
24.0806191 21.9457689 28.4581211 7.2561016 10.5135058 -14.6262872
24.0969029 22.0413894 28.3229101 7.2782605 10.4226860 -14.0767868
24.1124448 22.1373531 28.1908495 7.3005026 10.3374708 -13.5560994
24.1272658 22.2336318 28.0616618 7.3228170 10.2573395 -13.0615229
24.1413869 22.3302000 27.9350977 7.3451919 10.1818357 -12.5907113
24.1548284 22.4270346 27.8109321 7.3676147 10.1105577 -12.1416180
24.1676104 22.5241146 27.6889616 7.3900723 10.0431503 -11.7124500
24.1797523 22.6214209 27.5690017 7.4125510 9.9792983 -11.3016299
24.1912725 22.7189281 27.4508504 7.4351201 9.9185487 -10.9318078
24.2021869 22.8166073 27.3343050 7.4579194 9.8603587 -10.6201263
24.2125110 22.9144486 27.2192565 7.4809137 9.8045925 -10.3128036
24.2222599 23.0124426 27.1056016 7.5040683 9.7511231 -10.0099177
24.2314488 23.1105803 26.9932426 7.5273494 9.6998321 -9.7115433
24.2400930 23.2088530 26.8820871 7.5507242 9.6506089 -9.4177520
24.2482074 23.3072525 26.7720476 7.5741606 9.6033501 -9.1286108
24.2558071 23.4057708 26.6630417 7.5976277 9.5579587 -8.8441823
24.2629068 23.5044005 26.5549913 7.6210955 9.5143439 -8.5645238
24.2695214 23.6031344 26.4478232 7.6445351 9.4724207 -8.2896872
24.2756653 23.7019656 26.3414682 7.6679185 9.4321088 -8.0197190
24.2813531 23.8008877 26.2358612 7.6912189 9.3933333 -7.7546597
24.2865989 23.8998946 26.1309412 7.7144108 9.3560232 -7.4945437
24.2914168 23.9989803 26.0266508 7.7374696 9.3201122 -7.2393996
24.2958208 24.0981395 25.9229361 7.7603719 9.2855374 -6.9892499
24.2998244 24.1973668 25.8197468 7.7830956 9.2522397 -6.7441112
24.3034413 24.2966573 25.7170359 7.8056195 9.2201634 -6.5039939
24.3066847 24.3960064 25.6147592 7.8279239 9.1892558 -6.2689027
24.3095676 24.4954097 25.5128758 7.8499899 9.1594671 -6.0388368
24.3121028 24.5948631 25.4113474 7.8718000 9.1307503 -5.8137896
24.3143030 24.6943625 25.3101385 7.8933379 9.1030608 -5.5937492
24.3161806 24.7939045 25.2092160 7.9145882 9.0763567 -5.3786987
24.3177476 24.8934856 25.1085492 7.9355367 9.0505981 -5.1686161
24.3190159 24.9931025 25.0081098 7.9561705 9.0257470 -4.9634748
24.3199971 25.0927523 24.9078717 7.9764775 9.0017678 -4.7632436
24.3207027 25.1924322 24.8078105 7.9964468 8.9786265 -4.5678873
24.3211437 25.2921395 24.7079041 8.0160686 8.9562907 -4.3773664
24.3213311 25.3918861 24.6081169 8.0348066 8.9353149 -4.0787058
24.3212820 25.4916694 24.5084189 8.0525716 8.9157346 -3.7717967
24.3210140 25.5914844 24.4087864 8.0693976 8.8974530 -3.4828095
24.3205437 25.6913263 24.3091995 8.0853191 8.8803812 -3.2108536
24.3198868 25.7911912 24.2096419 8.1003711 8.8644369 -2.9550665
24.3190582 25.8910755 24.1101000 8.1145884 8.8495441 -2.7146160
24.3180717 25.9909763 24.0105626 8.1280057 8.8356326 -2.4887004
24.3169404 26.0908910 23.9110210 8.1406574 8.8226375 -2.2765505
24.3156766 26.1908173 23.8114680 8.1525773 8.8104985 -2.0774289
24.3142919 26.2907532 23.7118981 8.1637985 8.7991599 -1.8906306
24.3127972 26.3906972 23.6123071 8.1743536 8.7885697 -1.7154825
24.3112026 26.4906479 23.5126918 8.1842741 8.7786799 -1.5513428
24.3095177 26.5906039 23.4130502 8.1935908 8.7694458 -1.3976005
24.3077515 26.6905644 23.3133807 8.2023334 8.7608258 -1.2536743
24.3059122 26.7905284 23.2136828 8.2105307 8.7527812 -1.1190122
24.3040078 26.8904952 23.1139560 8.2182104 8.7452758 -0.9930897
24.3020456 26.9904643 23.0142007 8.2253993 8.7382759 -0.8754097
24.3000324 27.0904351 22.9144174 8.2321231 8.7317503 -0.7655007
24.2979747 27.1904072 22.8146069 8.2384064 8.7256695 -0.6629162
24.2958783 27.2903804 22.7147703 8.2442728 8.7200062 -0.5672332
24.2937489 27.3903542 22.6149086 8.2497450 8.7147346 -0.4780515
24.2915917 27.4903286 22.5150232 8.2548445 8.7098309 -0.3949926
24.2894116 27.5903033 22.4151154 8.2595921 8.7052726 -0.3176983
24.2872129 27.6902782 22.3151868 8.2640073 8.7010386 -0.2458302
24.2849999 27.7902532 22.2152386 8.2681090 8.6971093 -0.1790685
24.2827765 27.8902283 22.1152724 8.2719149 8.6934660 -0.1171108
24.2805463 27.9902033 22.0152895 8.2754421 8.6900916 -0.0596718
24.2783126 28.0901784 21.9152914 8.2787067 8.6869696 -0.0064819
24.2760785 28.1901534 21.8152793 8.2817239 8.6840848 0.0427135
24.2738469 28.2901284 21.7152546 8.2845085 8.6814228 0.0881546
24.2716204 28.3901033 21.6152185 8.2870740 8.6789701 0.1300681
24.2694016 28.4900783 21.5151721 8.2894337 8.6767140 0.1686682
24.2671925 28.5900532 21.4151167 8.2915999 8.6746425 0.2041566
24.2649953 28.6900282 21.3150533 8.2935844 8.6727444 0.2367239
24.2628119 28.7900033 21.2149827 8.2953982 8.6710091 0.2665497
24.2606440 28.8899785 21.1149061 8.2970518 8.6694266 0.2938036
24.2584931 28.9899538 21.0148242 8.2985552 8.6679876 0.3186453
24.2563609 29.0899293 20.9147378 8.2999178 8.6666832 0.3412256
24.2542484 29.1899050 20.8146478 8.3011485 8.6655051 0.3616865
24.2521570 29.2898809 20.7145546 8.3022556 8.6644454 0.3801621
24.2500878 29.3898571 20.6144591 8.3032470 8.6634967 0.3967786
24.2480416 29.4898336 20.5143617 8.3041302 8.6626520 0.4116551
24.2460193 29.5898104 20.4142630 8.3049122 8.6619048 0.4249037
24.2440218 29.6897875 20.3141635 8.3055998 8.6612489 0.4366301
24.2420497 29.7897651 20.2140635 8.3061991 8.6606783 0.4469339
24.2401036 29.8897430 20.1139635 8.3067161 8.6601877 0.4559090
24.2381839 29.9897213 20.0138639 8.3071564 8.6597717 0.4636438
24.2362913 30.0897000 19.9137649 8.3075251 8.6594256 0.4702215
24.2344260 30.1896791 19.8136668 8.3078272 8.6591446 0.4757206
24.2325884 30.2896587 19.7135698 8.3080675 8.6589244 0.4802148
24.2307787 30.3896388 19.6134742 8.3082502 8.6587609 0.4837737
24.2289972 30.4896193 19.5133802 8.3083794 8.6586501 0.4864628
24.2272439 30.5896003 19.4132879 8.3084591 8.6585885 0.4883436
24.2255191 30.6895818 19.3131975 8.3084930 8.6585726 0.4894740
24.2238227 30.7895637 19.2131090 8.3084843 8.6585990 0.4899087
24.2221548 30.8895462 19.1130226 8.3084364 8.6586649 0.4896989
24.2205154 30.9895291 19.0129383 8.3083523 8.6587672 0.4888928
24.2189045 31.0895125 18.9128563 8.3082348 8.6589032 0.4875358
24.2173219 31.1894964 18.8127765 8.3080866 8.6590704 0.4856706
24.2157675 31.2894807 18.7126990 8.3079102 8.6592663 0.4833372
24.2142413 31.3894656 18.6126238 8.3077079 8.6594887 0.4805733
24.2127430 31.4894509 18.5125509 8.3074820 8.6597353 0.4774143
24.2112725 31.5894366 18.4124804 8.3072346 8.6600043 0.4738934
24.2098296 31.6894229 18.3124122 8.3069675 8.6602936 0.4700417
24.2084140 31.7894095 18.2123463 8.3066826 8.6606016 0.4658886
24.2070255 31.8893967 18.1122826 8.3063816 8.6609264 0.4614615
24.2056638 31.9893842 18.0122213 8.3060661 8.6612666 0.4567861
24.2043287 32.0893722 17.9121621 8.3057376 8.6616206 0.4518866
24.2030199 32.1893606 17.8121052 8.3053975 8.6619870 0.4467856
24.2017371 32.2893494 17.7120504 8.3050470 8.6623645 0.4415043
24.2004800 32.3893386 17.6119976 8.3046874 8.6627520 0.4360626
24.1992482 32.4893282 17.5119470 8.3043199 8.6631481 0.4304789
24.1980415 32.5893181 17.4118983 8.3039455 8.6635519 0.4247708
24.1968594 32.6893085 17.3118516 8.3035652 8.6639623 0.4189542
24.1957018 32.7892992 17.2118069 8.3031799 8.6643784 0.4130446
24.1945682 32.8892902 17.1117639 8.3027905 8.6647993 0.4070559
24.1934582 32.9892816 17.0117228 8.3023978 8.6652241 0.4010015
24.1923716 33.0892733 16.9116834 8.3020025 8.6656521 0.3948935
24.1913080 33.1892654 16.8116457 8.3016053 8.6660825 0.3887435
24.1902669 33.2892577 16.7116096 8.3012069 8.6665147 0.3825622
24.1892482 33.3892504 16.6115751 8.3008079 8.6669479 0.3763594
24.1882513 33.4892433 16.5115421 8.3004088 8.6673818 0.3701444
24.1872759 33.5892366 16.4115106 8.3000100 8.6678156 0.3639257
24.1863217 33.6892301 16.3114805 8.2996122 8.6682489 0.3577113
24.1853884 33.7892238 16.2114518 8.2992157 8.6686811 0.3515085
24.1844754 33.8892178 16.1114244 8.2988209 8.6691120 0.3453241
24.1835826 33.9892121 16.0113982 8.2984283 8.6695410 0.3391644
24.1827095 34.0892066 15.9113733 8.2980380 8.6699678 0.3330351
24.1818557 34.1892013 15.8113495 8.2976506 8.6703920 0.3269415
24.1810210 34.2891963 15.7113269 8.2972661 8.6708133 0.3208886
24.1802050 34.3891914 15.6113053 8.2968849 8.6712314 0.3148808
24.1794072 34.4891868 15.5112848 8.2965073 8.6716461 0.3089222
24.1786275 34.5891824 15.4112652 8.2961334 8.6720571 0.3030165
24.1778653 34.6891781 15.3112466 8.2957634 8.6724642 0.2971671
24.1771205 34.7891740 15.2112289 8.2953975 8.6728672 0.2913771
24.1763926 34.8891702 15.1112121 8.2950359 8.6732658 0.2856493
24.1756813 34.9891664 15.0111961 8.2946787 8.6736600 0.2799862
24.1749863 35.0891629 14.9111809 8.2943259 8.6740496 0.2743900
24.1743073 35.1891595 14.8111665 8.2939779 8.6744344 0.2688628
24.1736439 35.2891562 14.7111527 8.2936345 8.6748143 0.2634062
24.1729959 35.3891531 14.6111397 8.2932959 8.6751892 0.2580218
24.1723628 35.4891501 14.5111273 8.2929622 8.6755591 0.2527110
24.1717445 35.5891473 14.4111156 8.2926335 8.6759238 0.2474750
24.1711405 35.6891446 14.3111044 8.2923097 8.6762833 0.2423147
24.1705506 35.7891420 14.2110938 8.2919909 8.6766376 0.2372309
24.1699746 35.8891395 14.1110838 8.2916772 8.6769865 0.2322243
24.1694120 35.9891371 14.0110743 8.2913685 8.6773300 0.2272955
24.1688627 36.0891348 13.9110653 8.2910649 8.6776682 0.2224449
24.1683263 36.1891327 13.8110567 8.2907664 8.6780010 0.2176726
24.1678026 36.2891306 13.7110486 8.2904730 8.6783283 0.2129789
24.1672913 36.3891287 13.6110410 8.2901846 8.6786503 0.2083638
24.1667921 36.4891268 13.5110337 8.2899013 8.6789668 0.2038272
24.1663047 36.5891250 13.4110268 8.2896231 8.6792779 0.1993691
24.1658290 36.6891233 13.3110203 8.2893499 8.6795836 0.1949891
24.1653646 36.7891216 13.2110141 8.2890816 8.6798839 0.1906871
24.1649112 36.8891201 13.1110083 8.2888183 8.6801789 0.1864625
24.1644688 36.9891186 13.0110027 8.2885599 8.6804686 0.1823149
24.1640369 37.0891172 12.9109975 8.2883064 8.6807529 0.1782440
