21.9000000 8.4852814 8.4852814 0.0000000
21.8001840 8.4699315 8.5007150 3.1192681
21.7004083 8.4555171 8.5153585 2.8922321
21.6006613 8.4419793 8.5292411 2.6778345
21.5009333 8.4292636 8.5423914 2.4754401
21.4012163 8.4173195 8.5548381 2.2844430
21.3015037 8.4060998 8.5666092 2.1042664
21.2017899 8.3955609 8.5777326 1.9343605
21.1020706 8.3856620 8.5882352 1.7742020
21.0023423 8.3763652 8.5981438 1.6232927
20.9026022 8.3676349 8.6074843 1.4811586
20.8028484 8.3594380 8.6162819 1.3473486
20.7030792 8.3517435 8.6245613 1.2214336
20.6032938 8.3445224 8.6323462 1.1030056
20.5034913 8.3377475 8.6396598 0.9916763
20.4036716 8.3313933 8.6465245 0.8870767
20.3038345 8.3254359 8.6529619 0.7888557
20.2039803 8.3198527 8.6589927 0.6966797
20.1041093 8.3146227 8.6646371 0.6102314
20.0042220 8.3097259 8.6699145 0.5292091
19.9043191 8.3051437 8.6748434 0.4533261
19.8044013 8.3008583 8.6794416 0.3823097
19.7044692 8.2968532 8.6837264 0.3159009
19.6045238 8.2931127 8.6877141 0.2538532
19.5045658 8.2896220 8.6914204 0.1959327
19.4045961 8.2863672 8.6948605 0.1419168
19.3046156 8.2833349 8.6980486 0.0915940
19.2046251 8.2805129 8.7009987 0.0447634
19.1046253 8.2778892 8.7037238 0.0012339
19.0046172 8.2754528 8.7062364 -0.0391757
18.9046014 8.2731932 8.7085485 -0.0766380
18.8045788 8.2711002 8.7106716 -0.1113166
18.7045499 8.2691646 8.7126165 -0.1433673
18.6045156 8.2673773 8.7143934 -0.1729376
18.5044763 8.2657300 8.7160124 -0.2001681
18.4044328 8.2642146 8.7174826 -0.2251918
18.3043856 8.2628234 8.7188130 -0.2481354
18.2043352 8.2615494 8.7200120 -0.2691189
18.1042821 8.2603858 8.7210877 -0.2882564
18.0042267 8.2593260 8.7220477 -0.3056560
17.9041695 8.2583639 8.7228991 -0.3214204
17.8041108 8.2574938 8.7236489 -0.3356470
17.7040511 41.6331814 8.7243035 -0.3484283
17.6217020 8.1355427 8.8675642 27.1372273
17.5210346 41.0782573 8.8595254 -2.3227727
17.4413145 8.0266748 9.0066160 26.3012403
17.3397090 40.5977935 8.9896300 -4.1528693
17.2620522 40.0673816 9.1400159 25.5163092
17.1866807 7.8255889 9.2942630 24.6318649
17.0828400 39.6924015 9.2651840 -6.4416577
17.0086843 39.2239426 9.4218536 23.9137363
16.9362143 38.7867215 9.5819095 23.0370536
16.8651292 7.5588853 9.7450686 22.1659149
16.7568959 38.5344759 9.6964928 -9.3989427
16.6860747 38.1436396 9.8608180 21.5569137
16.6161778 37.7781819 10.0277324 20.7040764
16.5470423 37.4355257 10.1972550 19.9075587
16.4788755 37.1107035 10.3707776 19.3424834
16.4114804 36.8028432 10.5480352 18.7640747
16.3446628 7.1080657 10.7287296 18.1732159
16.2237791 36.7305267 10.6200307 -15.9009124
16.1563551 36.4433491 10.8004496 17.9332311
16.0892628 36.1712739 10.9838236 17.3318347
16.0223225 35.9135772 11.1697837 16.7205881
15.9553602 35.6695713 11.3579311 16.1007209
15.8882093 35.4386022 11.5478389 15.4735629
15.8207110 35.2200467 11.7390549 14.8405370
15.7527152 35.0133104 11.9311054 14.2031503
15.6840819 34.8178254 12.1234988 13.5629820
15.6146813 34.6330486 12.3157305 12.9216708
15.5443950 34.4584602 12.5072883 12.2808982
15.4731165 34.2935623 12.6976575 11.6423722
15.4007516 34.1378775 12.8863270 11.0078083
15.3272186 33.9909480 13.0727952 10.3789100
15.2524486 33.8523347 13.2565759 9.7573493
15.1763854 33.7216163 13.4372039 9.1447471
15.0989855 33.5983887 13.6142405 8.5426537
15.0202176 33.4822644 13.7872780 7.9525318
14.9400620 33.3728721 13.9559443 7.3757400
14.8585104 33.2698558 14.1199060 6.8135188
14.7755648 33.1728750 14.2788710 6.2669799
14.6912367 33.0816039 14.4325904 5.7370967
14.6055465 32.9957311 14.5808593 5.2246987
14.5185224 32.9149594 14.7235171 4.7304689
14.4301992 32.8390056 14.8604463 4.2549431
14.3406177 32.7675996 14.9915716 3.7985124
14.2498235 32.7004847 15.1168574 3.3614281
14.1578661 32.6374171 15.0836146 2.9438087
14.0662114 32.5733177 14.9637826 3.0546181
13.9756667 32.5054737 14.8425870 3.4540580
13.8862570 32.4339010 14.7200890 3.8580435
13.7980094 32.3586264 14.5963545 4.2663702
13.7109532 32.2796871 14.4714541 4.6788183
13.6251197 32.1971314 14.3454626 5.0951529
13.5405422 32.1110184 14.2184590 5.5151247
13.4572563 32.0214177 14.0905263 5.9384701
13.3752995 31.9284102 13.9617515 6.3649122
13.2947115 31.8320870 13.8322247 6.7941618
13.2155340 31.7325497 13.7020397 7.2259176
13.1378105 31.6299100 13.5712929 7.6598677
13.0615867 31.5242895 13.4400834 8.0956905
12.9869105 31.4158190 13.3085128 8.5330552
12.9138313 31.3046386 13.1766844 8.9716240
12.8424009 31.1908965 13.0447033 9.4110519
12.7726727 31.0747492 12.9126756 9.8509890
12.7047024 30.9563603 12.7807085 10.2910813
12.6385473 30.8359005 12.6489096 10.7309717
12.5742669 30.7135463 12.5173866 11.1703014
12.5119226 30.5894799 12.3862471 11.6087113
12.4515777 30.4638885 12.2555980 12.0458430
12.3932976 30.3369630 12.1255455 12.4813399
12.3371497 30.2088981 11.9961942 12.9148485
12.2832035 30.0798912 11.8676477 13.3460192
12.2315309 29.9501419 11.7400072 13.7745078
12.1822056 29.8198509 11.6133723 14.1999759
12.1353040 29.6892201 11.4878400 14.6220922
12.0909050 29.5584513 11.3635049 15.0405332
12.0490897 29.4277460 11.2404585 15.4549838
12.0099424 29.2973048 11.1187900 15.8651382
11.9735500 29.1673266 10.9985849 16.2707001
11.9400027 29.0380083 10.8799259 16.6713838
11.9093938 28.9095446 10.7628922 17.0669138
11.8818205 28.7821271 10.6475599 17.4570260
11.8573834 28.6559442 10.5340014 17.8414670
11.8361878 28.5311809 10.4222860 18.2199952
11.8183430 28.4080181 10.3124792 18.5923801
11.8039634 28.2866328 10.2046434 18.9584027
11.7931688 28.1671977 10.0988374 19.3178554
11.7860843 28.0498809 9.9951170 19.6705418
11.7828827 27.9348254 9.8935303 20.0244248
11.7845603 27.8218085 9.7940570 20.5371142
11.7913595 27.7110752 9.6967878 21.0476957
11.8035366 27.6028721 9.6018117 21.5553615
11.8213629 27.4974468 9.5092156 22.0592731
11.8451263 27.3950474 9.4190843 22.5585639
11.8751324 27.2959213 9.3315002 23.0523413
11.9117060 27.2003154 9.2465434 23.5396890
11.9551930 27.1084747 9.1642912 24.0196704
12.0059624 27.0206422 9.0848184 24.4913313
12.0644085 26.9370580 9.0081969 24.9537030
12.1309532 26.8579587 8.9344960 25.4058066
12.2060488 26.7835770 8.8637819 25.8466562
12.2901816 26.7141410 8.7961180 26.2752627
12.3838746 26.6498738 8.7315648 26.6906382
12.4876923 26.5909926 8.6701798 27.0918003
12.6022446 26.5377088 8.6120179 27.4777757
12.7281921 26.4902269 8.5571309 27.8476053
12.8662520 26.4487446 8.5055681 28.2003478
13.0172046 26.4134518 8.4573760 28.5350846
13.1819003 26.3845309 8.4125986 28.8509238
13.3612689 26.3621555 8.3712773 29.1470043
13.5563287 26.3464908 8.3334512 29.4225002
13.7681977 25.9634505 8.2991572 29.6766243
13.9981069 23.6450118 8.2684299 29.9086327
14.2474144 21.7396430 8.2413019 30.1178276
14.5176229 20.1459871 8.2178039 30.3035614
14.8103996 18.7934133 8.1979645 30.4652398
15.1275990 17.6311903 8.1818107 30.6023247
15.4712904 16.6219359 8.1693679 30.7143374
29.4495713 15.7374938 8.1606594 30.8008610
29.0869442 14.9760532 8.1545256 30.1500956
28.7521248 14.3479468 8.1485855 28.1772912
28.4399195 13.8176850 8.1431363 26.6072895
28.1465811 13.3618214 8.1383706 25.3190629
27.8693052 12.9641375 8.1344181 24.2363084
27.6059301 12.6129972 8.1313688 23.3082789
27.3547481 12.2997993 8.1292863 22.4997725
27.1143825 12.0180270 8.1282158 21.7855263
26.8837036 11.7626379 8.1281896 21.1468953
26.6617705 11.5296603 8.1292307 20.5697924
26.4477889 11.3159166 8.1313545 20.0433604
26.2410804 11.1188299 8.1345712 19.5590878
26.0410594 10.9362855 8.1388866 19.1102030
25.8472155 10.7665286 8.1443029 18.6912494
25.6591003 10.6080899 8.1508197 18.2977804
25.4763163 10.4597279 8.1584339 17.9261367
25.2985090 10.3203854 8.1671407 17.5732807
25.1253601 10.1891560 8.1769333 17.2366718
24.9565819 10.0652571 8.1878035 16.9141706
24.7919129 9.9480090 8.1997418 16.6039651
24.6318192 9.8389383 8.2121490 16.0922676
24.4767732 9.7397196 8.2242730 15.3458799
24.3262918 9.6492469 8.2360943 14.6423133
24.1799422 9.5665614 8.2475986 13.9792357
24.0373364 9.4908289 8.2587770 13.3543648
23.8981263 9.4213206 8.2696243 12.7654844
23.7619997 9.3573984 8.2801387 12.2104567
23.6286762 9.2985011 8.2903216 11.6872308
23.4979037 9.2441342 8.3001766 11.1938483
23.3694555 9.1938603 8.3097089 10.7284471
23.2431277 9.1472922 8.3189257 10.2892627
23.1187364 9.1040855 8.3278351 9.8746278
22.9961157 9.0639335 8.3364462 9.4829714
22.8751160 9.0265627 8.3447686 9.1128162
22.7556019 8.9917282 8.3528125 8.7627757
22.6374512 8.9592107 8.3605884 8.4315506
22.5205528 8.9288130 8.3681068 8.1179251
22.4048063 8.9003578 8.3753783 7.8207629
22.2901206 8.8736855 8.3824134 7.5390028
22.1764125 8.8486516 8.3892225 7.2716547
22.0636069 8.8251257 8.3958157 7.0177954
21.9516348 8.8029896 8.4022027 6.7765644
21.8404337 8.7821360 8.4083932 6.5471605
21.7299465 8.7624676 8.4143963 6.3288372
21.6201208 8.7438956 8.4202209 6.1208996
21.5109088 8.7263395 8.4258755 5.9227010
21.4022666 8.7097254 8.4313681 5.7336394
21.2941542 8.6939861 8.4367064 5.5531544
21.1865347 8.6790600 8.4418978 5.3807246
21.0793740 8.6648909 8.4469492 5.2158644
20.9726411 8.6514271 8.4518673 5.0581220
20.8663072 8.6386210 8.4566582 4.9070767
20.7603457 8.6264293 8.4613278 4.7623366
20.6547323 8.6148118 8.4658818 4.6235366
20.5494443 8.6037317 8.4703254 4.4903370
20.4444607 8.5931549 8.4746634 4.3624206
20.3397624 8.5830500 8.4789005 4.2394921
20.2353312 8.5733882 8.4830411 4.1212760
20.1311505 8.5641426 8.4870893 4.0075153
20.0272050 8.5552885 8.4910488 3.8979702
19.9234801 8.5468028 8.4949234 3.7924167
19.8199625 8.5386645 8.4987163 3.6906458
19.7166399 8.5308536 8.5024307 3.5924620
19.6135005 8.5233518 8.5060696 3.4976827
19.5105335 8.5161423 8.5096357 3.4061369
19.4077289 8.5092090 8.5131317 3.3176650
19.3050771 8.5025372 8.5165599 3.2321172
19.2025695 8.4961132 8.5199226 3.1493535
19.1001976 8.4899242 8.5232221 3.0692424
18.9979538 8.4839582 8.5264601 2.9916608
18.8958308 8.4782041 8.5296387 2.9164932
18.7938218 8.4726512 8.5327595 2.8436311
18.6919204 8.4672900 8.5358242 2.7729728
18.5901207 8.4621112 8.5388343 2.7044224
18.4884171 8.4571063 8.5417912 2.6378899
18.3868042 8.4522672 8.5446964 2.5732907
18.2852770 8.4475863 8.5475510 2.5105450
18.1838309 8.4430565 8.5503563 2.4495777
18.0824615 8.4386713 8.5531134 2.3903178
17.9811647 8.4344242 8.5558233 2.3326987
17.8799364 8.4303094 8.5584871 2.2766571
17.7787731 8.4263214 8.5611056 2.2221334
17.6776713 8.4224548 26.3708169 2.1690713
17.6029141 8.5690988 8.4472101 -25.8633831
17.5004236 8.5557056 26.4476450 4.1322596
17.4260411 8.7004610 26.7271565 -24.0993216
17.3520148 8.8431506 26.9869096 -22.2660075
17.2779237 8.9832704 8.1605869 -20.5380730
17.1700001 8.9401484 26.8927282 9.3007469
17.0951513 9.0774496 27.1122535 -19.4057641
17.0197349 9.2115143 27.3103077 -17.8582631
16.9435174 9.3419989 27.4865549 -16.4064445
16.8663183 9.4686167 27.6408688 -15.0463728
16.7880033 9.5911357 27.7733112 -13.7738453
16.7084770 9.7093754 27.8841113 -12.5845039
16.6276770 9.8232036 27.9736434 -11.4739273
16.5455686 9.9325319 28.0424062 -10.4377036
16.4621394 10.0373119 28.0910017 -9.4714887
16.3779135 10.1397501 28.1264534 -8.8397199
16.2937870 10.2437022 28.1600931 -8.7043783
16.2097343 10.3491244 28.1917743 -8.5665092
16.1257297 10.4559690 28.2213477 -8.4261449
16.0417483 10.5641852 28.2486612 -8.2833225
15.9577650 10.6737182 28.2735604 -8.1380846
15.8737554 10.7845099 28.2958887 -7.9904791
15.7896951 10.8964982 28.3154880 -7.8405594
15.7055605 11.0096176 28.3321988 -7.6883846
15.6213281 11.1237991 28.3458608 -7.5340198
15.5369751 11.2389697 28.3563134 -7.3775360
15.4524792 11.3550534 28.3633962 -7.2190103
15.3678187 11.4719706 28.3669495 -7.0585260
15.2829724 11.5896383 28.3668146 -6.8961725
15.1979200 11.7079705 28.3628350 -6.7320455
15.1126417 11.8268783 28.3548566 -6.5662465
15.0271185 11.9462698 28.3427281 -6.3988837
14.9413324 12.0660507 28.3263023 -6.2300706
14.8552660 12.1861242 28.3054361 -6.0599271
14.7689028 12.3063916 28.2799916 -5.8885783
14.6822274 12.4267522 28.2498367 -5.7161549
14.5952252 12.5471039 28.2148453 -5.5427928
14.5078826 12.6673434 28.1748987 -5.3686325
14.4201870 12.7873666 28.1298855 -5.1938190
14.3321269 12.9070688 28.0797028 -5.0185014
14.2436918 13.0263452 28.0242562 -4.8428323
14.1548722 13.1450913 27.9634608 -4.6669674
14.0656599 13.2632032 27.8972416 -4.4910649
13.9760476 13.3805779 27.8255336 -4.3152852
13.8860290 13.4971141 27.7482827 -4.1397897
13.7955992 13.6127119 27.6654456 -3.9647412
13.7047541 13.7272738 27.5769905 -3.7903022
13.6134909 13.8407048 27.4828969 -3.6166349
13.5218078 13.9529126 27.3831560 -3.4439005
13.4297038 14.0638083 27.2777707 -3.2722582
13.3371792 14.1733066 27.1667557 -3.1018652
13.2442353 14.2813258 27.0501372 -2.9328752
13.1508742 14.2042475 26.9279529 -2.7654386
13.0577964 14.0839298 26.8087589 -2.8849891
12.9651653 13.9631488 26.6945296 -3.0708671
12.8729833 13.8419392 26.5852625 -3.2565618
12.7812527 13.7203362 26.4809604 -3.4420163
12.6899762 13.5983753 26.3816315 -3.6271743
12.5991565 13.4760924 26.2872895 -3.8119798
12.5087968 13.3535236 26.1979536 -3.9963775
12.4189002 13.2307053 26.1136493 -4.1803127
12.3294701 13.1076741 26.0344076 -4.3637315
12.2405102 12.9844665 25.9602661 -4.5465808
12.1520242 12.8611191 25.8912690 -4.7288084
12.0640158 12.7376686 25.8274670 -4.9103630
11.9764891 12.6141515 25.7689182 -5.0911947
11.8894482 12.4906042 25.7156880 -5.2712544
11.8028973 12.3670628 25.6678496 -5.4504943
11.7168408 12.2435632 25.6254847 -5.6288678
11.6312830 12.1201412 25.5886834 -5.8063298
11.5462284 11.9968319 25.5575451 -5.9828363
11.4616817 11.8736703 25.5321791 -6.1583449
11.3776474 11.7506906 25.5127049 -6.3328146
11.2941301 11.6279270 25.4992530 -6.5062056
11.2111347 11.5054127 25.4919657 -6.6784800
11.1286660 11.3831805 25.4909980 -6.8496012
11.0467286 11.2612628 25.4965180 -7.0195341
10.9653274 11.1396911 25.5087087 -7.1882452
10.8844674 11.0184963 25.5277681 -7.3557026
10.8041533 10.8977086 25.5539113 -7.5218759
10.7243901 10.7773575 25.5873710 -7.6867363
10.6451827 10.6574717 25.6283998 -7.8502566
10.5665359 10.5380793 25.6772709 -8.0124110
10.4884547 10.4192074 25.7342807 -8.1731754
10.4109441 10.3008823 25.7997504 -8.3325272
10.3340089 10.1831298 25.8740279 -8.4904452
10.2576540 10.0659745 25.9574911 -8.6469097
10.1818844 9.9494403 26.0505498 -8.8019026
10.1077810 9.8328655 26.1686919 -9.3245181
10.0368821 9.7154654 26.3344976 -10.3511865
9.9694271 9.5974118 26.5531681 -11.4176834
9.9052244 9.4791243 26.8243704 -12.3764245
9.8439801 9.3610259 27.1467052 -13.1978933
9.7859220 9.2432558 27.5268859 -14.0524277
9.7313008 9.1259636 27.9729740 -14.9414847
9.6803932 9.0093094 28.4947302 -15.8666336
9.6335047 8.8934643 29.1040814 -16.8295767
9.5909734 8.7786108 29.8157519 -17.8321745
9.5531744 8.6649433 30.6481292 -18.8764779
9.5205250 8.5526685 31.6244727 -19.9647678
9.4934907 8.4420061 32.5694455 -21.0996051
9.4725927 8.3331896 32.4176486 -22.2838943
9.4584160 8.2264670 32.2664247 -23.5209622
9.4516211 8.1221021 32.1164886 -24.8146598
9.4529562 8.0203757 31.9686279 -26.1694906
9.4632732 7.9215876 31.8237097 -27.5907761
9.4808634 7.8260429 31.6840814 -28.4669314
9.5057308 7.7338791 31.5505771 -29.2336998
9.5385926 7.6452207 31.4236452 -30.0491387
9.5802794 7.5602092 31.3037897 -30.9202793
9.6317603 7.4790064 31.1915818 -31.8555404
9.6941741 7.4017987 31.0876750 -32.8650866
9.7688688 7.3288029 30.9928236 -33.9613060
9.8574553 7.2602730 30.9079070 -35.1594541
9.9618751 7.1965097 30.8339604 -36.4785374
10.0844939 7.1378720 30.7722165 -37.9425468
10.2234595 7.0841247 30.7233175 -38.7929619
10.3779562 7.0350587 30.6874771 -39.2591497
10.5492226 6.9906997 30.6650538 -39.6895766
10.7380699 6.9509873 30.6562232 -40.0000000
10.9439675 6.9156369 30.6605971 -40.0000000
11.1685080 6.8846423 30.6782616 -40.0000000
11.4135043 6.8580079 30.7093347 -40.0000000
11.6810283 6.8357481 30.7539669 -40.0000000
11.9734577 6.8178881 27.7702012 -40.0000000
12.2935336 6.8044636 25.2051919 -40.0000000
12.6444320 6.7955218 23.1088523 -40.0000000
13.0298522 6.7911212 21.3630894 -40.0000000
13.4541282 6.7913320 19.8864109 -40.0000000
13.9223701 6.7962374 18.6207646 -40.0000000
14.4406446 6.8059334 17.5236764 -40.0000000
15.0162083 6.8205301 16.5633534 -40.0000000
15.6578138 6.8401522 15.7155244 -40.0000000
16.3761140 6.8649401 14.9613403 -40.0000000
17.1103597 6.8886517 14.3432957 -36.5322272
17.8615065 6.9114207 13.8286961 -33.5467929
18.6332918 6.9335447 13.3928580 -31.0490358
19.4292787 6.9552361 13.0184207 -28.9216138
20.2529350 6.9766489 12.6928247 -27.0821872
21.1077051 6.9978959 12.4067580 -25.4713131
21.9970736 7.0190609 12.1531664 -24.0450080
22.9246218 7.0402056 11.9266060 -22.7700229
23.8940793 7.0613756 11.7228050 -21.6207493
24.9093738 7.0826042 11.5383626 -20.5771379
25.9746797 7.1039149 11.3705358 -19.6232634
27.0944690 7.1253236 11.2170865 -18.7463128
28.2735638 7.1468403 11.0761695 -17.9358591
29.0372637 7.1684701 10.9462489 -17.1833294
28.8859475 7.1902144 10.8260352 -16.4816101
28.7392709 7.2120710 10.7144378 -15.8247490
28.5967923 7.2340356 10.6105271 -15.2077281
28.4581211 7.2561016 10.5135058 -14.6262872
28.3229101 7.2782605 10.4226860 -14.0767868
28.1908495 7.3005026 10.3374708 -13.5560994
28.0616618 7.3228170 10.2573395 -13.0615229
27.9350977 7.3451919 10.1818357 -12.5907113
27.8109321 7.3676147 10.1105577 -12.1416180
27.6889616 7.3900723 10.0431503 -11.7124500
27.5690017 7.4125510 9.9792983 -11.3016299
27.4508504 7.4351201 9.9185487 -10.9318078
27.3343050 7.4579194 9.8603587 -10.6201263
27.2192565 7.4809137 9.8045925 -10.3128036
27.1056016 7.5040683 9.7511231 -10.0099177
26.9932426 7.5273494 9.6998321 -9.7115433
26.8820871 7.5507242 9.6506089 -9.4177520
26.7720476 7.5741606 9.6033501 -9.1286108
26.6630417 7.5976277 9.5579587 -8.8441823
26.5549913 7.6210955 9.5143439 -8.5645238
26.4478232 7.6445351 9.4724207 -8.2896872
26.3414682 7.6679185 9.4321088 -8.0197190
26.2358612 7.6912189 9.3933333 -7.7546597
26.1309412 7.7144108 9.3560232 -7.4945437
26.0266508 7.7374696 9.3201122 -7.2393996
25.9229361 7.7603719 9.2855374 -6.9892499
25.8197468 7.7830956 9.2522397 -6.7441112
25.7170359 7.8056195 9.2201634 -6.5039939
25.6147592 7.8279239 9.1892558 -6.2689027
25.5128758 7.8499899 9.1594671 -6.0388368
25.4113474 7.8718000 9.1307503 -5.8137896
25.3101385 7.8933379 9.1030608 -5.5937492
25.2092160 7.9145882 9.0763567 -5.3786987
25.1085492 7.9355367 9.0505981 -5.1686161
25.0081098 7.9561705 9.0257470 -4.9634748
24.9078717 7.9764775 9.0017678 -4.7632436
24.8078105 7.9964468 8.9786265 -4.5678873
24.7079041 8.0160686 8.9562907 -4.3773664
24.6081169 8.0348066 8.9353149 -4.0787058
24.5084189 8.0525716 8.9157346 -3.7717967
24.4087864 8.0693976 8.8974530 -3.4828095
24.3091995 8.0853191 8.8803812 -3.2108536
24.2096419 8.1003711 8.8644369 -2.9550665
24.1101000 8.1145884 8.8495441 -2.7146160
24.0105626 8.1280057 8.8356326 -2.4887004
23.9110210 8.1406574 8.8226375 -2.2765505
23.8114680 8.1525773 8.8104985 -2.0774289
23.7118981 8.1637985 8.7991599 -1.8906306
23.6123071 8.1743536 8.7885697 -1.7154825
23.5126918 8.1842741 8.7786799 -1.5513428
23.4130502 8.1935908 8.7694458 -1.3976005
23.3133807 8.2023334 8.7608258 -1.2536743
23.2136828 8.2105307 8.7527812 -1.1190122
23.1139560 8.2182104 8.7452758 -0.9930897
23.0142007 8.2253993 8.7382759 -0.8754097
22.9144174 8.2321231 8.7317503 -0.7655007
22.8146069 8.2384064 8.7256695 -0.6629162
22.7147703 8.2442728 8.7200062 -0.5672332
22.6149086 8.2497450 8.7147346 -0.4780515
22.5150232 8.2548445 8.7098309 -0.3949926
22.4151154 8.2595921 8.7052726 -0.3176983
22.3151868 8.2640073 8.7010386 -0.2458302
22.2152386 8.2681090 8.6971093 -0.1790685
22.1152724 8.2719149 8.6934660 -0.1171108
22.0152895 8.2754421 8.6900916 -0.0596718
21.9152914 8.2787067 8.6869696 -0.0064819
21.8152793 8.2817239 8.6840848 0.0427135
21.7152546 8.2845085 8.6814228 0.0881546
21.6152185 8.2870740 8.6789701 0.1300681
21.5151721 8.2894337 8.6767140 0.1686682
21.4151167 8.2915999 8.6746425 0.2041566
21.3150533 8.2935844 8.6727444 0.2367239
21.2149827 8.2953982 8.6710091 0.2665497
21.1149061 8.2970518 8.6694266 0.2938036
21.0148242 8.2985552 8.6679876 0.3186453
20.9147378 8.2999178 8.6666832 0.3412256
20.8146478 8.3011485 8.6655051 0.3616865
20.7145546 8.3022556 8.6644454 0.3801621
20.6144591 8.3032470 8.6634967 0.3967786
20.5143617 8.3041302 8.6626520 0.4116551
20.4142630 8.3049122 8.6619048 0.4249037
20.3141635 8.3055998 8.6612489 0.4366301
20.2140635 8.3061991 8.6606783 0.4469339
20.1139635 8.3067161 8.6601877 0.4559090
20.0138639 8.3071564 8.6597717 0.4636438
19.9137649 8.3075251 8.6594256 0.4702215
19.8136668 8.3078272 8.6591446 0.4757206
19.7135698 8.3080675 8.6589244 0.4802148
19.6134742 8.3082502 8.6587609 0.4837737
19.5133802 8.3083794 8.6586501 0.4864628
19.4132879 8.3084591 8.6585885 0.4883436
19.3131975 8.3084930 8.6585726 0.4894740
19.2131090 8.3084843 8.6585990 0.4899087
19.1130226 8.3084364 8.6586649 0.4896989
19.0129383 8.3083523 8.6587672 0.4888928
18.9128563 8.3082348 8.6589032 0.4875358
18.8127765 8.3080866 8.6590704 0.4856706
18.7126990 8.3079102 8.6592663 0.4833372
18.6126238 8.3077079 8.6594887 0.4805733
18.5125509 8.3074820 8.6597353 0.4774143
18.4124804 8.3072346 8.6600043 0.4738934
18.3124122 8.3069675 8.6602936 0.4700417
18.2123463 8.3066826 8.6606016 0.4658886
18.1122826 8.3063816 8.6609264 0.4614615
18.0122213 8.3060661 8.6612666 0.4567861
17.9121621 8.3057376 8.6616206 0.4518866
17.8121052 8.3053975 8.6619870 0.4467856
17.7120504 8.3050470 8.6623645 0.4415043
17.6119976 8.3046874 8.6627520 0.4360626
17.5119470 8.3043199 8.6631481 0.4304789
17.4118983 8.3039455 8.6635519 0.4247708
17.3118516 8.3035652 8.6639623 0.4189542
17.2118069 8.3031799 8.6643784 0.4130446
17.1117639 8.3027905 8.6647993 0.4070559
17.0117228 8.3023978 8.6652241 0.4010015
16.9116834 8.3020025 8.6656521 0.3948935
16.8116457 8.3016053 8.6660825 0.3887435
16.7116096 8.3012069 8.6665147 0.3825622
16.6115751 8.3008079 8.6669479 0.3763594
16.5115421 8.3004088 8.6673818 0.3701444
16.4115106 8.3000100 8.6678156 0.3639257
16.3114805 8.2996122 8.6682489 0.3577113
16.2114518 8.2992157 8.6686811 0.3515085
16.1114244 8.2988209 8.6691120 0.3453241
16.0113982 8.2984283 8.6695410 0.3391644
15.9113733 8.2980380 8.6699678 0.3330351
15.8113495 8.2976506 8.6703920 0.3269415
15.7113269 8.2972661 8.6708133 0.3208886
15.6113053 8.2968849 8.6712314 0.3148808
15.5112848 8.2965073 8.6716461 0.3089222
15.4112652 8.2961334 8.6720571 0.3030165
15.3112466 8.2957634 8.6724642 0.2971671
15.2112289 8.2953975 8.6728672 0.2913771
15.1112121 8.2950359 8.6732658 0.2856493
15.0111961 8.2946787 8.6736600 0.2799862
14.9111809 8.2943259 8.6740496 0.2743900
14.8111665 8.2939779 8.6744344 0.2688628
14.7111527 8.2936345 8.6748143 0.2634062
14.6111397 8.2932959 8.6751892 0.2580218
14.5111273 8.2929622 8.6755591 0.2527110
14.4111156 8.2926335 8.6759238 0.2474750
14.3111044 8.2923097 8.6762833 0.2423147
14.2110938 8.2919909 8.6766376 0.2372309
14.1110838 8.2916772 8.6769865 0.2322243
14.0110743 8.2913685 8.6773300 0.2272955
13.9110653 8.2910649 8.6776682 0.2224449
13.8110567 8.2907664 8.6780010 0.2176726
13.7110486 8.2904730 8.6783283 0.2129789
13.6110410 8.2901846 8.6786503 0.2083638
13.5110337 8.2899013 8.6789668 0.2038272
13.4110268 8.2896231 8.6792779 0.1993691
13.3110203 8.2893499 8.6795836 0.1949891
13.2110141 8.2890816 8.6798839 0.1906871
13.1110083 8.2888183 8.6801789 0.1864625
13.0110027 8.2885599 8.6804686 0.1823149
12.9109975 8.2883064 8.6807529 0.1782440
