-0.5000000 0.0000000 22.0000000 9.1923882 7.7781746 4.5131570
-0.5000000 0.9968993 21.0103293 8.9604444 7.9905095 3.7637864
-0.4738272 1.9943991 20.0287804 8.7448951 8.2200586 3.1175338
-0.4258018 2.9917636 19.0500198 8.5408221 8.4618026 2.5618710
-0.3596721 3.9885730 18.0708872 8.3449880 8.7113962 2.1869339
-0.2786759 4.9845566 17.0906773 30.0000000 8.9715409 23.3885809
-0.1926503 5.8983501 16.5239796 7.3036883 10.9533702 0.3865802
0.0319864 6.8727693 15.5320946 30.0000000 11.4181583 21.8060889
0.2425884 7.7770145 15.1574124 30.0000000 14.8958985 13.2770367
0.5790304 8.6902851 14.6399737 30.0000000 14.1990517 16.8942381
0.9775566 9.5601846 14.3893784 30.0000000 12.8683057 23.0854710
1.4399173 10.3554689 14.7137241 28.7945726 11.7401375 22.8476881
2.0032464 11.0847815 15.4687209 27.9968144 10.9152422 21.8969211
2.6607058 11.7395062 16.7635190 13.7640685 10.3434287 22.8910435
3.3892286 12.3033760 30.0000000 9.0707752 10.0252351 7.2554735
4.2458018 12.8037081 29.1352013 9.5226031 9.6228328 7.7949338
5.1215886 13.2669602 27.5145980 9.6847321 9.2767885 7.8494673
6.0173062 13.6900896 25.9919580 9.7149401 8.9831663 7.5991049
6.9318994 14.0722304 24.5720591 9.6901568 8.7366898 7.2264778
7.8632362 14.4139733 23.2428315 9.6391234 8.5332900 6.8196678
8.8089102 14.7166287 21.9885917 9.5720219 8.3700552 6.4125981
9.7666116 14.9818341 20.7948805 9.4927220 8.2448118 5.9987454
10.7342822 15.2113815 19.6499044 9.4044506 8.1552457 5.5925867
11.7100637 15.4072211 18.5435529 9.3085353 8.0994048 5.1814849
12.6923564 15.5713704 17.4676836 9.2069128 8.0748755 4.7746237
13.6797560 15.7059579 16.4153928 9.1006286 26.0297187 -16.1247607
14.6348469 15.8092412 15.6790323 10.5207018 30.0000000 -10.6793771
15.5978542 16.0048841 14.9119639 12.0189594 30.0000000 -13.0166286
16.5388489 16.2574682 14.2654059 14.4457034 30.0000000 -15.4942800
17.4481769 16.5764627 13.7872052 13.4057174 30.0000000 -17.3427754
18.3171855 16.9713905 13.5095605 12.0869353 30.0000000 -18.4333962
19.1375964 17.4477750 13.4596030 10.9920172 30.0000000 -17.8681904
19.9057063 18.0097924 13.5966321 10.1075723 30.0000000 -15.9473312
20.6195457 18.6539537 13.8368119 9.3881332 30.0000000 -14.6094075
21.2755612 19.3653078 14.2154781 8.7926304 30.0000000 -14.6085597
21.8694484 20.1293013 14.9135284 8.3110558 30.0000000 -16.5427434
22.3920617 20.9329205 16.4263847 7.9731714 14.6796346 -2.8822636
22.8546294 21.8180774 15.9411850 7.5290247 15.4043993 -7.7224966
23.2987975 22.7038866 30.0000000 7.1749280 14.8285029 -7.2254013
23.7033030 23.6097323 30.0000000 6.8578583 14.3957082 -6.3716181
24.0701269 24.5333796 30.0000000 6.5676694 30.0000000 -24.7049180
24.3739847 25.3895294 30.0000000 6.7442401 11.5581987 -0.6718437
24.5738891 26.3692746 30.0000000 6.5215032 11.8507179 -0.4499021
24.7699700 27.3498309 30.0000000 6.2968484 30.0000000 -24.7049180
24.9457772 28.2411298 30.0000000 6.7851513 10.4106165 -1.9809361
25.0006954 29.2390222 30.0000000 6.7818658 10.3603381 -2.0542100
25.0441100 30.2374361 30.0000000 6.7979109 30.0000000 -24.7049180
25.0727290 31.1454575 30.0000000 30.0000000 9.0749267 23.3129416
24.9734998 32.0584378 30.0000000 6.9436343 30.0000000 -24.7049180
24.9953384 32.9666476 30.0000000 30.0000000 30.0000000 -4.7049180
24.8802572 33.9566114 30.0000000 30.0000000 30.0000000 -4.7049180
24.7381520 34.9430587 30.0000000 30.0000000 30.0000000 -4.7049180
24.5691292 35.9252518 30.0000000 30.0000000 30.0000000 -4.7049180
24.3733150 36.9024564 30.0000000 30.0000000 30.0000000 -4.7049180
24.1508560 37.8739419 30.0000000 30.0000000 30.0000000 -4.7049180
