-1.0000000 0.0000000 22.0000000 9.8994949 7.0710678 6.9493930
-1.0000000 0.9926534 21.0244525 9.5231656 7.3744874 5.5851336
-0.9598606 1.9870963 20.0660376 9.1981517 7.7088725 4.4941937
-0.8873594 2.9813818 19.1120329 8.9044076 8.0663450 3.6076076
-0.7888049 3.9745221 18.1557979 8.6305524 8.4397143 2.8858168
-0.6693563 4.9660852 17.1942479 30.0000000 8.8230353 23.4919556
-0.5444039 5.8746493 16.7312294 7.5217349 11.0675617 1.6018438
-0.2778369 6.8380602 15.7729706 30.0000000 11.8029697 21.4889345
-0.0213569 7.7325023 15.5012406 30.0000000 15.3864847 11.4924213
0.3617592 8.6344591 14.9768451 30.0000000 14.0676398 16.8390216
0.7936303 9.4886082 14.8121085 29.9314316 12.8219930 22.7778771
1.2871674 10.2674077 15.2662792 28.8325039 11.7814922 22.1968263
1.8795656 10.9789830 16.1636383 27.8787717 11.0278184 21.1880256
2.5616169 11.6147303 17.6396753 10.4000216 10.5127548 12.1880855
3.3517161 12.1902048 30.0000000 9.7603708 10.0665150 9.3928675
4.1880969 12.7134942 29.4876568 9.7932113 9.6649151 8.7659444
5.0532182 13.1913436 27.7563571 9.8034744 9.3160942 8.3362108
5.9424992 13.6251171 26.1803623 9.7752529 9.0179121 7.8619653
6.8527759 14.0158674 24.7314238 9.7282404 8.7658791 7.3985501
7.7809275 14.3650848 23.3836550 9.6675291 8.5568193 6.9527000
8.7241368 14.6744438 22.1163279 9.5953893 8.3882136 6.5177141
9.6799173 14.9457355 20.9131649 9.5137774 8.2577714 6.0900406
10.6460744 15.1808630 19.7611000 9.4243019 8.1633120 5.6729548
11.6206728 15.3818272 18.6494134 9.3278978 8.1028384 5.2584421
12.6020429 15.5506861 17.5694690 9.2258800 8.0741056 4.8462231
13.5887409 15.6895742 16.5141329 9.1193969 26.3043909 -16.0534294
14.5437587 15.7966737 15.7834830 10.5546759 30.0000000 -10.5466053
15.5064821 15.9958261 15.0178967 12.0593196 30.0000000 -12.6083551
16.4482921 16.2514533 14.3637566 14.4460283 30.0000000 -15.1133723
17.3591248 16.5714593 13.8744923 13.5093242 30.0000000 -17.0053652
18.2303771 16.9656495 13.5819707 12.1883270 30.0000000 -18.1509282
19.0538185 17.4398844 13.5129025 11.0857460 30.0000000 -17.8590016
19.8248394 17.9979855 13.6420004 10.1913897 30.0000000 -15.9850147
20.5418695 18.6383217 13.8768350 9.4640876 30.0000000 -14.5628981
21.2015488 19.3465587 14.2404793 8.8615379 30.0000000 -14.4568594
21.7998332 20.1079589 14.9020350 8.3715760 30.0000000 -16.3342734
22.3278943 20.9092423 16.3385459 8.0223818 14.8081620 -3.1656809
22.7967487 21.7907898 15.8928262 7.5760246 15.4824386 -7.7983617
23.2457962 22.6739349 30.0000000 7.2174961 14.8814701 -7.2252634
23.6549796 23.5776775 30.0000000 6.8951962 14.4470567 -6.5817347
24.0264200 24.4990320 30.0000000 6.6036930 30.0000000 -24.7049180
24.3336617 25.3539732 30.0000000 6.7749156 11.5543013 -0.6749255
24.5374396 26.3329195 30.0000000 6.5481718 11.8551160 -0.4471023
24.7373800 27.3126965 30.0000000 6.3193831 30.0000000 -24.7049180
24.9167098 28.2032934 30.0000000 6.8001457 10.4130963 -1.9773361
24.9755731 29.2009629 30.0000000 6.7912563 10.3681981 -2.0427197
25.0229560 30.1992035 30.0000000 6.8011761 30.0000000 -24.7049180
25.0552445 31.1071019 30.0000000 30.0000000 9.0820750 23.3075945
24.9597020 32.0205126 30.0000000 6.9362251 30.0000000 -24.7049180
24.9851848 32.9286274 30.0000000 30.0000000 30.0000000 -4.7049180
24.8740768 33.9190450 30.0000000 30.0000000 30.0000000 -4.7049180
24.7359310 34.9060545 30.0000000 30.0000000 30.0000000 -4.7049180
24.5708507 35.8889180 30.0000000 30.0000000 30.0000000 -4.7049180
24.3789593 36.8669005 30.0000000 30.0000000 30.0000000 -4.7049180
24.1604003 37.8392708 30.0000000 30.0000000 30.0000000 -4.7049180
