0.0000000 0.0000000 22.0000000 8.4852814 8.4852814 2.3702363
0.0000000 0.9991444 21.0028513 8.3706824 8.6047198 2.1288341
0.0137760 1.9983593 20.0084911 8.2526888 8.7363457 1.8747606
0.0399275 2.9974818 19.0155847 8.1329543 8.8768701 1.6106366
0.0769781 3.9963999 18.0230339 8.0130431 9.0227666 1.3341385
0.1233917 4.9950508 17.0299607 30.0000000 9.1700619 23.2459765
0.1731710 5.9125203 16.3702803 7.0563417 10.9448554 -0.9584433
0.3582182 6.8951076 15.3545357 30.0000000 11.1818338 22.0627009
0.5246581 7.8068129 14.8851383 30.0000000 14.1486565 16.6515600
0.8133699 8.7203413 14.4286024 30.0000000 14.3205841 16.7650993
1.1877963 9.6015917 14.1130414 30.0000000 12.9284232 23.2852648
1.6266135 10.4085428 14.3476980 28.7184580 11.7324302 23.1171819
2.1686172 11.1515684 14.9876891 27.8393525 10.8515381 22.6437081
2.8054167 11.8195967 16.1776137 17.4010980 10.2365225 22.2447015
3.5247471 12.4020517 30.0000000 10.4788788 9.8605062 11.2549845
4.3587602 12.9181220 29.0453977 9.9912241 9.4959250 9.2696972
5.2300305 13.3817390 27.3173676 9.8592988 9.1748493 8.3640717
6.1271342 13.7989269 25.7770864 9.7874518 8.8987403 7.7689582
7.0447608 14.1726754 24.3638680 9.7202796 8.6664663 7.2662744
7.9793779 14.5050811 23.0468106 9.6474416 8.4758040 6.7946293
8.9281410 14.7980848 21.8052269 9.5678236 8.3242922 6.3551966
9.8885698 15.0536701 20.6229196 9.4804512 8.2100537 5.9206163
10.8585658 15.2738237 19.4876988 9.3867330 8.1307932 5.5062629
11.8362652 15.4606304 18.3893397 9.2866290 8.0847374 5.0863640
12.8201074 15.6161756 17.3199197 9.1819077 8.0693168 4.6753830
13.8087221 15.7426553 16.2726901 9.0731887 25.5816363 -16.2323926
14.7640544 15.8385774 15.5253488 10.4627875 30.0000000 -10.9041602
15.7276952 16.0272895 14.7549650 11.9447472 30.0000000 -13.6158471
16.6677988 16.2738397 14.1171234 14.4128846 30.0000000 -16.0620764
17.5753310 16.5898050 13.6527282 13.2657579 30.0000000 -17.8735720
18.4414587 16.9842976 13.3954663 11.9464237 30.0000000 -18.8896319
19.2578576 17.4625039 13.3727286 10.8598977 30.0000000 -17.9199231
20.0221754 18.0292020 13.5207144 9.9877802 30.0000000 -15.9383535
20.7317721 18.6780978 13.7695299 9.2784784 30.0000000 -14.7084423
21.3828118 19.3934172 14.1708889 8.6925156 30.0000000 -14.8401618
21.9706193 20.1608044 14.9218733 8.2226148 30.0000000 -16.8467446
22.4856207 20.9675151 16.5459660 7.9006215 14.5238634 -2.5831776
22.9393110 21.8575341 16.0209526 7.4608499 15.2873085 -7.6070913
23.3761483 22.7472807 30.0000000 7.1133478 14.7476084 -7.2153568
23.7736521 23.6562447 30.0000000 6.8039510 14.3192360 -6.0542547
24.1335999 24.5832364 30.0000000 6.5155693 30.0000000 -24.7049180
24.4324602 25.4411434 30.0000000 6.7000838 11.5624426 -0.6684889
24.6266482 26.4220384 30.0000000 6.4833236 11.8427941 -0.4549478
24.8170270 27.4037170 30.0000000 6.2648350 30.0000000 -24.7049180
24.9876252 28.2960275 30.0000000 6.7644761 10.4056587 -1.9881377
25.0367136 29.2942193 30.0000000 6.7696277 10.3474135 -2.0731328
25.0742534 30.2928594 30.0000000 6.7949184 30.0000000 -24.7049180
25.0974302 31.2010360 30.0000000 30.0000000 9.0631182 23.3217409
24.9927384 32.1133450 30.0000000 6.9565989 30.0000000 -24.7049180
25.0091769 33.0216685 30.0000000 30.0000000 30.0000000 -4.7049180
24.8882119 34.0109306 30.0000000 30.0000000 30.0000000 -4.7049180
24.7402443 34.9965156 30.0000000 30.0000000 30.0000000 -4.7049180
24.5653849 35.9776864 30.0000000 30.0000000 30.0000000 -4.7049180
24.3637642 36.9537096 30.0000000 30.0000000 30.0000000 -4.7049180
24.1355332 37.9238553 30.0000000 30.0000000 30.0000000 -4.7049180
