-2.0000000 0.0000000 22.0000000 11.3137085 5.6568542 12.4416491
-2.0000000 0.9765159 21.0779080 10.5811438 6.1115348 9.5573014
-1.9291817 1.9600898 20.2032606 10.0226510 6.6554379 7.4095553
-1.8033347 2.9437216 19.3358277 9.5548538 7.2722490 5.6712054
-1.6347351 3.9244402 18.4552464 9.1406174 7.9387987 4.4183401
-1.4335343 4.9009561 17.5569010 8.7546193 8.6447695 3.5866193
-1.2070936 5.8729700 16.6433285 30.0000000 9.3902358 23.0848125
-0.9797391 6.7643582 16.4112489 7.5927588 12.7532738 2.2094999
-0.6083476 7.6920337 15.4929819 30.0000000 14.1217122 16.1046572
-0.2398323 8.5793047 15.1802345 30.0000000 14.0444258 16.7270792
0.2077104 9.4259860 15.0554750 30.0000000 12.8377775 22.5411516
0.7156729 10.1973608 15.5696400 29.3667219 11.8358472 21.7526660
1.3214229 10.9014362 16.5235671 18.4330231 11.1118589 21.0958296
2.0126121 11.5281009 18.1191706 9.0751579 10.6235862 7.5940945
2.8215296 12.1009776 30.0000000 9.9270442 10.1284593 9.9169272
3.6497099 12.6343233 30.0000000 9.8516543 9.7196077 9.0552959
4.5092994 13.1204664 28.4791520 9.8256719 9.3643200 8.4787486
5.3945822 13.5615277 26.8647356 9.7897314 9.0592468 7.9632247
6.3016506 13.9590630 25.3876507 9.7410923 8.8005827 7.4819281
7.2271628 14.3146914 24.0182195 9.6806218 8.5852063 7.0324441
8.1681783 14.6301282 22.7336843 9.6087593 8.4107407 6.5888586
9.1221646 14.9071550 21.5170486 9.5279497 8.2746878 6.1590451
10.0868567 15.1476926 20.3543382 9.4391945 8.1749632 5.7375363
11.0602799 15.3537339 19.2343599 9.3436280 8.1094778 5.3239681
12.0407135 15.5273439 18.1479644 9.2421742 8.0761436 4.9098940
13.0266856 15.6706396 17.0877379 9.1361958 30.0000000 -15.9894786
13.9815607 15.7817019 16.3704117 10.5879692 30.0000000 -10.4158363
14.9439360 15.9845525 15.6135989 12.1001410 30.0000000 -10.3166257
15.8926381 16.2451132 14.9006423 14.1349758 30.0000000 -13.0602155
16.8149103 16.5587201 14.3343835 14.2105940 30.0000000 -15.2274963
17.7024385 16.9372801 13.9437410 12.8510837 30.0000000 -16.7373619
18.5470163 17.3886701 13.7553512 11.6822062 30.0000000 -17.4689443
19.3412359 17.9169710 13.7884337 10.7103567 30.0000000 -16.5408302
20.0822681 18.5250976 13.9818093 9.9177811 30.0000000 -14.6234004
20.7686212 19.2071394 14.2570399 9.2618235 30.0000000 -13.5887396
21.3979921 19.9478757 14.6835935 8.7126001 30.0000000 -15.1419363
21.9634778 20.7301767 15.6646838 8.2873985 16.2312738 -7.2705805
22.4723872 21.5816430 15.8021157 7.8530130 15.6992841 -7.3002880
22.9448930 22.4537620 16.0819194 7.4606930 15.2045674 -7.2890259
23.3800459 23.3451345 30.0000000 7.1103044 30.0000000 -24.2252596
23.7450960 24.1808208 30.0000000 7.1699783 11.7525391 0.3768297
24.0162907 25.1433229 30.0000000 6.8507093 12.3556816 -0.1690989
24.2895995 26.1052447 30.0000000 6.5413905 30.0000000 -24.7049180
24.5370343 26.9793717 30.0000000 6.8587517 10.8113718 -1.4405686
24.6726508 27.9698141 30.0000000 6.7315445 10.9155502 -1.3124633
24.7999694 28.9614114 30.0000000 6.6098405 30.0000000 -24.7049180
24.9087823 29.8633436 30.0000000 7.3462499 9.5835155 -1.0400692
24.8890810 30.8629847 30.0000000 7.4215231 30.0000000 -22.8846997
24.8653545 31.7839685 30.0000000 30.0000000 8.4942695 23.7212995
24.7233408 32.6884000 30.0000000 30.0000000 30.0000000 -4.7049180
24.7021670 33.6848054 30.0000000 30.0000000 30.0000000 -4.7049180
24.6537581 34.6802594 30.0000000 30.0000000 30.0000000 -4.7049180
24.5781503 35.6740176 30.0000000 30.0000000 30.0000000 -4.7049180
24.4754000 36.6653372 30.0000000 30.0000000 30.0000000 -4.7049180
24.3455840 37.6534768 30.0000000 30.0000000 30.0000000 -4.7049180
