-2.5000000 0.0000000 22.0000000 12.0208153 4.9497475 15.3919817
-2.5000000 0.9641326 21.1186841 11.0836664 5.4536375 11.5214625
-2.4133090 1.9401400 20.3039545 10.4135310 6.0864514 8.9061793
-2.2605783 2.9162061 19.4994523 9.8662622 6.8385812 6.8077850
-2.0566524 3.8879894 18.6759427 9.3877682 7.6822993 5.2085665
-1.8137752 4.8537893 17.8238712 8.9469287 8.5942113 4.2632362
-1.5414116 5.8131077 16.9510988 8.5199332 9.5820274 4.3051013
-1.2453763 6.7653304 16.0840780 30.0000000 10.7324681 21.5401973
-0.9470977 7.6463683 15.9338981 30.0000000 15.2052180 11.7502808
-0.5220111 8.5283147 15.4976589 30.0000000 13.9716617 16.7704022
-0.0487021 9.3606157 15.4572801 30.0000000 12.8286835 21.9134079
0.4853544 10.1192340 16.0608539 29.5476612 11.8940560 21.1516874
1.1129191 10.8091313 17.1263973 11.0494251 11.2209948 15.5202672
1.8423048 11.4387327 18.1058906 8.8870944 10.7024455 7.0059499
2.6484929 12.0176830 18.1562979 9.9945959 10.1921655 10.2511478
3.4704560 12.5587058 30.0000000 9.8555198 9.7765272 9.1520244
4.3258666 13.0516300 28.7925733 9.8294878 9.4135150 8.5561440
5.2076355 13.4992333 27.1535434 9.7958201 9.1012545 8.0341799
6.1117173 13.9030924 25.6572608 9.7493649 8.8358955 7.5541110
7.0346903 14.2648083 24.2724130 9.6902232 8.6143591 7.0995947
7.9735846 14.5860588 22.9757143 9.6197347 8.4340633 6.6516074
8.9258141 14.8686221 21.7494738 9.5403409 8.2924456 6.2221091
9.8890577 15.1144164 20.5790841 9.4526632 8.1875048 5.7974994
10.8613108 15.3254150 19.4530803 9.3581735 8.1170487 5.3857078
11.8408060 15.5036827 18.3619282 9.2574510 8.0791387 4.9704969
12.8260460 15.6513149 17.2980450 9.1520965 8.0712531 4.5639099
13.8157242 15.7705014 16.2550122 9.0427693 25.3618642 -16.3515274
14.7711011 15.8599222 15.5000056 10.4071686 30.0000000 -11.1182180
15.7351700 16.0426410 14.7286650 11.8766930 30.0000000 -13.7151391
16.6760625 16.2845240 14.0874619 14.3105880 30.0000000 -16.1763929
17.5844180 16.5964132 13.6202012 13.2742628 30.0000000 -18.0012360
18.4513536 16.9874611 13.3610634 11.9454163 30.0000000 -19.0270077
19.2684806 17.4628750 13.3380006 10.8526929 30.0000000 -18.0119001
20.0336322 18.0276134 13.4846659 9.9770684 30.0000000 -16.0393316
20.7439501 18.6749992 13.7348644 9.2658135 30.0000000 -14.7907233
21.3955290 19.3893326 14.1382732 8.6789596 30.0000000 -14.8545570
21.9837838 20.1562959 14.8845190 8.2081331 30.0000000 -16.8599759
22.4991952 20.9626653 16.5005764 7.8851240 14.5893338 -2.9141966
22.9531857 21.8522201 16.0366832 7.4498717 15.2656595 -7.5774674
23.3887669 22.7426584 30.0000000 7.1033449 14.7342886 -7.2136236
23.7851140 23.6521315 30.0000000 6.7952155 14.3066352 -6.0014432
24.1439248 24.5796677 30.0000000 6.5071181 30.0000000 -24.7049180
24.4419629 25.4378607 30.0000000 6.6929445 11.5629803 -0.6680639
24.6352110 26.4189413 30.0000000 6.4771742 11.8413403 -0.4558738
24.8246515 27.4008013 30.0000000 6.2597068 30.0000000 -24.7049180
24.9943921 28.2932754 30.0000000 6.7612360 10.4047061 -1.9895221
25.0425210 29.2915130 30.0000000 6.7677937 10.3451490 -2.0764519
25.0790929 30.2901870 30.0000000 6.7946276 30.0000000 -24.7049180
25.1013720 31.1983861 30.0000000 30.0000000 9.0610438 23.3232824
24.9957797 32.1105805 30.0000000 6.9589551 30.0000000 -24.7049180
25.0113279 33.0189197 30.0000000 30.0000000 30.0000000 -4.7049180
24.8893934 34.0080628 30.0000000 30.0000000 30.0000000 -4.7049180
24.7404599 34.9935022 30.0000000 30.0000000 30.0000000 -4.7049180
24.5646388 35.9745012 30.0000000 30.0000000 30.0000000 -4.7049180
24.3620617 36.9503263 30.0000000 30.0000000 30.0000000 -4.7049180
24.1328799 37.9202478 30.0000000 30.0000000 30.0000000 -4.7049180
