1.5000000 0.0000000 22.0000000 6.3639610 10.6066017 -1.7011645
1.5000000 0.9995593 21.0014690 6.4278830 10.5031815 -1.8474263
1.4901096 1.9989905 20.0052713 6.5137832 10.3805665 -2.0246654
1.4694821 2.9981533 19.0118363 6.6253492 10.2370087 -2.2439173
1.4370938 3.9968615 18.0217658 6.7675351 10.0703048 -2.5165299
1.3916830 4.9948645 17.0359001 22.7248370 9.8778860 22.7291165
1.3362773 5.9155407 16.1228730 6.1836319 11.1724554 -1.0838066
1.4052537 6.9129797 15.1167613 30.0000000 11.1966391 22.4397947
1.4632038 7.8354424 14.4250246 30.0000000 13.3135526 21.3842295
1.6393552 8.7497851 13.9230986 30.0000000 14.8862328 15.5708303
1.9352019 9.6665295 13.4004935 30.0000000 13.3002831 22.4331371
2.2966487 10.5172550 13.3031895 28.6372868 11.8698513 23.8545241
2.7584498 11.3066773 13.5838150 27.4417769 10.7719192 23.2050020
3.3252449 12.0302033 14.2548783 26.6763243 9.9703833 22.5842308
3.9851711 12.6759662 15.4846936 19.2843480 9.4151201 22.9964283
4.7201093 13.2302584 29.0572766 12.1189201 9.0989224 16.8429818
5.5527904 13.7021559 26.7605251 10.3299733 8.8882736 9.7949246
6.4530284 14.1029426 25.1799237 9.9888212 8.6614620 8.2717138
7.3784486 14.4535128 23.7855857 9.8094034 8.4696881 7.3986401
8.3215916 14.7599422 22.5008501 9.6779979 8.3153056 6.7674037
9.2783274 15.0259697 21.2917011 9.5613981 8.1979942 6.2160662
10.2458331 15.2544616 20.1390396 9.4502371 8.1156842 5.7345055
11.2218136 15.4480549 19.0288858 9.3386384 8.0669786 5.2725535
12.2044635 15.6091597 17.9513893 9.2256937 8.0495035 4.8266949
13.1922661 15.7401791 16.8987182 9.1110762 26.6780079 -16.0850684
14.1479442 15.8397523 16.1624666 10.5105455 30.0000000 -10.7189374
15.1116250 16.0313938 15.3993978 11.9910110 30.0000000 -11.1479846
16.0601977 16.2820492 14.6991521 14.0775621 30.0000000 -13.8263081
16.9810597 16.5901107 14.1501844 14.0348613 30.0000000 -15.9361508
17.8657549 16.9668440 13.7836584 12.6674385 30.0000000 -17.3568375
18.7060047 17.4195960 13.6268851 11.5044425 30.0000000 -17.9750257
19.4943542 17.9518268 13.6997925 10.5469369 30.0000000 -16.4895840
20.2296619 18.5672591 13.9043689 9.7705283 30.0000000 -14.7077557
20.9093186 19.2554503 14.2053908 9.1284270 30.0000000 -13.8232136
21.5307301 20.0016150 14.6853804 8.5941725 30.0000000 -15.4727486
22.0865428 20.7889526 15.7707310 8.1881157 15.9114336 -6.5640449
22.5850348 21.6482769 15.8285006 7.7564983 15.6234953 -7.4685121
23.0495172 22.5242683 30.0000000 7.3756508 15.0905632 -7.2598743
23.4758098 23.4199832 30.0000000 7.0347459 14.6407192 -7.1924791
23.8640515 24.3329962 30.0000000 6.7353507 30.0000000 -24.7049180
24.1843550 25.1831300 30.0000000 6.8851080 11.5533401 -0.6756857
24.4031066 26.1588394 30.0000000 6.6427283 11.8883523 -0.4259647
24.6180300 27.1354419 30.0000000 6.3977989 30.0000000 -24.7049180
24.8110881 28.0231640 30.0000000 6.8483090 10.4366607 -1.9431905
24.8853486 29.0198263 30.0000000 6.8171024 10.4144490 -1.9753728
24.9483380 30.0172450 30.0000000 6.8024702 30.0000000 -24.7049180
24.9951748 30.9245092 30.0000000 7.7947197 9.1244757 0.5441145
24.9071018 31.9205779 30.0000000 30.0000000 30.0000000 -4.7049180
24.8224646 32.9136079 30.0000000 30.0000000 30.0000000 -4.7049180
24.7107083 33.9039526 30.0000000 30.0000000 30.0000000 -4.7049180
24.5719164 34.8908715 30.0000000 30.0000000 30.0000000 -4.7049180
24.4061927 35.8736266 30.0000000 30.0000000 30.0000000 -4.7049180
24.2136611 36.8514833 30.0000000 30.0000000 30.0000000 -4.7049180
23.9944656 37.8237103 30.0000000 30.0000000 30.0000000 -4.7049180
