2.0000000 0.0000000 22.0000000 5.6568542 11.3137085 -0.8922367
2.0000000 0.9998788 21.0004042 5.6864470 11.2554375 -0.9473288
1.9948101 1.9997286 20.0014167 5.7257966 11.1872882 -1.0137664
1.9841102 2.9995148 19.0031032 5.7759947 11.1083841 -1.0996256
1.9675147 3.9991929 18.0055678 5.8385936 11.0173441 -1.1995732
1.9445254 4.9987094 17.0089311 5.9152456 10.9130900 -1.3152066
1.9145631 5.9979969 16.0133368 21.8247202 10.7944689 21.4618292
1.8795546 6.9279997 15.1261482 30.0000000 12.2201900 22.4243622
1.9577003 7.8490746 14.4754235 30.0000000 14.6719998 15.3231365
2.1607665 8.7919051 13.8270522 30.0000000 14.9303375 15.5403101
2.4457967 9.7122195 13.2841112 29.8608722 13.3164380 22.4633301
2.7969373 10.5670329 13.1553965 28.2094911 11.8559512 23.9542701
3.2490179 11.3612502 13.3968058 26.9863492 10.7323543 23.1764634
3.8077238 12.0912878 14.0046015 26.1922809 9.9087140 22.4817999
4.4606975 12.7450487 15.1302423 21.6374178 9.3303415 22.7352364
5.1903304 13.3092067 28.7378758 13.0493224 8.9844852 21.2015913
5.9952053 13.7797226 26.1532329 10.2611606 8.8419908 9.4830046
6.9005144 14.1712215 24.6193598 9.9586697 8.6214908 8.1157908
7.8293825 14.5136741 23.2517346 9.7884919 8.4368412 7.2910178
8.7751766 14.8126182 21.9855319 9.6591445 8.2895962 6.6719094
9.7340383 15.0716273 20.7904078 9.5430086 8.1790282 6.1321603
10.7032354 15.2935417 19.6483976 9.4312773 8.1032156 5.6539217
11.6805613 15.4809662 18.5464642 9.3189681 8.0606223 5.1920804
12.6642675 15.6363133 17.4752735 9.2054517 8.0487683 4.7490711
13.6528767 15.7620007 16.4273265 9.0902459 25.7895440 -16.1654627
14.6086491 15.8567938 15.6788408 10.4706731 30.0000000 -10.8736680
15.5726877 16.0439917 14.9083350 11.9417930 30.0000000 -13.0306059
16.5155029 16.2894749 14.2533191 14.2985099 30.0000000 -15.5408530
17.4269748 16.6016207 13.7659169 13.4649830 30.0000000 -17.4271254
18.2983956 16.9901179 13.4790614 12.1282428 30.0000000 -18.5547210
19.1214022 17.4606519 13.4206180 11.0189148 30.0000000 -18.0195214
19.8922323 18.0175444 13.5514188 10.1239000 30.0000000 -16.1113652
20.6088197 18.6574610 13.7888349 9.3973279 30.0000000 -14.7346946
21.2674933 19.3655983 14.1637089 8.7968858 30.0000000 -14.5649512
21.8642206 20.1276191 14.8362131 8.3097447 30.0000000 -16.4756623
22.3900776 20.9295174 16.3001217 7.9648566 14.8718595 -3.6679749
22.8559842 21.8120356 15.9500753 7.5285339 15.3913425 -7.6752983
23.2998699 22.6981098 30.0000000 7.1740600 14.8275479 -7.2259092
23.7042825 23.6039957 30.0000000 6.8571022 14.3946772 -6.3673749
24.0710125 24.5276892 30.0000000 6.5669402 30.0000000 -24.7049180
24.3748014 25.3838634 30.0000000 6.7436198 11.5582727 -0.6717852
24.5746269 26.3636248 30.0000000 6.5209648 11.8506237 -0.4499620
24.7706292 27.3441967 30.0000000 6.2963945 30.0000000 -24.7049180
24.9463648 28.2355098 30.0000000 6.7848516 10.4105618 -1.9810156
25.0012027 29.2334065 30.0000000 6.7816809 10.3601740 -2.0544501
25.0445364 30.2318237 30.0000000 6.7978515 30.0000000 -24.7049180
25.0730806 31.1398475 30.0000000 30.0000000 9.0747772 23.3130533
24.9737763 32.0528190 30.0000000 6.9437932 30.0000000 -24.7049180
24.9955407 32.9610305 30.0000000 30.0000000 30.0000000 -4.7049180
24.8803786 33.9509849 30.0000000 30.0000000 30.0000000 -4.7049180
24.7381928 34.9374206 30.0000000 30.0000000 30.0000000 -4.7049180
24.5690897 35.9195999 30.0000000 30.0000000 30.0000000 -4.7049180
24.3731956 36.8967885 30.0000000 30.0000000 30.0000000 -4.7049180
24.1506572 37.8682558 30.0000000 30.0000000 30.0000000 -4.7049180
