2.5000000 0.0000000 22.0000000 4.9497475 12.0208153 -0.3420733
2.5000000 0.9999822 21.0000594 4.9596274 11.9969640 -0.3571373
2.4980099 1.9999608 20.0002047 4.9728315 11.9694107 -0.3745621
2.4939422 2.9999311 19.0004396 4.9895811 11.9379066 -0.3945152
2.4876955 3.9998879 18.0007688 5.0101280 11.9021799 -0.4171811
2.4791537 4.9998249 17.0011979 5.0347573 11.8619352 -0.4427625
2.4681851 5.9997349 16.0017330 5.0637920 11.8168518 -1.2168077
2.4546436 6.9994177 15.0037730 20.7897189 11.7175227 22.6274738
2.4356088 7.9222472 14.1602191 30.0000000 13.4585135 20.9521236
2.5362500 8.8506881 13.4969515 30.0000000 15.4999275 13.7447769
2.7552928 9.7970325 12.8004489 30.0000000 13.7480700 21.1625404
3.0368804 10.6860638 12.4320874 28.7886238 12.0799321 24.1120504
3.4151946 11.5167188 12.4041835 27.2501361 10.7456434 23.1861040
3.9065637 12.2935983 12.6438530 26.1990260 9.7456797 22.2160384
4.4998275 13.0042871 13.2136512 25.5172228 9.0017277 21.2206321
5.1826399 13.6389145 14.2330925 23.1990641 8.4658807 21.4965920
5.9356146 14.1854917 27.5033219 15.1473652 8.1310821 21.3888539
6.7503159 14.6363339 25.0715232 11.8545685 8.0009605 15.0555970
7.6458188 14.9977220 23.3768028 10.6488375 7.9298510 10.1696344
8.5870502 15.2856610 22.0339951 10.1554090 7.8633706 8.2334647
9.5488477 15.5189791 20.8268702 9.8439924 7.8267841 7.0268001
10.5234322 15.7066479 19.6961039 9.6080499 7.8226286 6.1270371
11.5066374 15.8546869 18.6138883 9.4097912 7.8497685 5.3903685
12.4957687 15.9677986 17.5640296 9.2323587 7.9059148 4.7418959
13.4889530 16.0499638 16.5360350 9.0679669 24.7475243 -16.2528639
14.4475381 16.1027219 15.7253238 10.2605234 30.0000000 -11.6797044
15.4160677 16.2475262 14.9306965 11.5872070 30.0000000 -12.9443801
16.3680210 16.4563484 14.2288902 13.5984943 30.0000000 -15.6348246
17.2906215 16.7323471 13.6891285 13.8266249 30.0000000 -17.7303723
18.1749499 17.0862113 13.3477703 12.3897320 30.0000000 -19.0800188
19.0121996 17.5245683 13.2366646 11.1976306 30.0000000 -18.8048160
19.7979939 18.0524138 13.3292754 10.2400607 30.0000000 -17.0216809
20.5298490 18.6677960 13.5494543 9.4707767 30.0000000 -15.4356593
21.2035707 19.3571870 13.9024380 8.8408888 30.0000000 -14.3077805
21.8166706 20.1075436 14.4381668 8.3219865 30.0000000 -16.0945335
22.3612404 20.8991187 15.6458907 7.9377528 16.0413842 -8.1705071
22.8445125 21.7629764 16.0316023 7.5450157 15.2747700 -7.1545873
23.2873736 22.6508740 30.0000000 7.1839807 14.8414736 -7.2322419
23.6929219 23.5562369 30.0000000 6.8658545 14.4068677 -6.4174843
24.0607459 24.4793904 30.0000000 6.5753902 30.0000000 -24.7049180
24.3653342 25.3352806 30.0000000 6.7508039 11.5574360 -0.6724468
24.5660745 26.3148547 30.0000000 6.5271992 11.8517427 -0.4492496
24.7629887 27.2952441 30.0000000 6.3016490 30.0000000 -24.7049180
24.9395568 28.1863926 30.0000000 6.7883140 10.4112199 -1.9800600
24.9953269 29.1842382 30.0000000 6.7838109 10.3621047 -2.0516263
25.0395989 30.1826161 30.0000000 6.7985238 30.0000000 -24.7049180
25.0690113 31.0906121 30.0000000 30.0000000 9.0765361 23.3117391
24.9705790 32.0036871 30.0000000 6.9419337 30.0000000 -24.7049180
24.9932054 32.9118776 30.0000000 30.0000000 30.0000000 -4.7049180
24.8789827 33.9019409 30.0000000 30.0000000 30.0000000 -4.7049180
24.7377332 34.8885110 30.0000000 30.0000000 30.0000000 -4.7049180
24.5695623 35.8708504 30.0000000 30.0000000 30.0000000 -4.7049180
24.3745957 36.8482245 30.0000000 30.0000000 30.0000000 -4.7049180
24.1529793 37.8199025 30.0000000 30.0000000 30.0000000 -4.7049180
