-3.0000000 0.0000000 22.0000000 12.7279221 4.2426407 18.6335541
-3.0000000 0.9475815 21.1728456 11.5622511 4.7787849 13.4561769
-2.8964190 1.9145980 20.4316120 10.7868769 5.4881553 10.3535564
-2.7160938 2.8816465 19.7033871 10.1687953 6.3755085 7.9656679
-2.4765548 3.8425923 18.9514884 9.6322348 7.4187558 6.0209035
-2.1916986 4.7954064 18.1579091 9.1416323 8.5796070 4.9899595
-1.8731506 5.7393139 17.3386426 8.6653352 9.8796810 5.4856722
-1.5276433 6.6728481 16.5467729 8.1695294 11.5104887 4.7805383
-1.1521489 7.5959182 15.7341275 30.0000000 13.3623554 19.5310445
-0.7729104 8.4587101 15.6560637 30.0000000 14.0107474 16.4585326
-0.2915713 9.2881930 15.6230506 30.0000000 12.8868688 21.6799843
0.2486503 10.0442934 16.2468739 29.7770661 11.9660409 20.9554486
0.8809800 10.7314989 17.3386106 9.3955412 11.3028094 9.3616880
1.6308704 11.3727509 17.4864369 10.4154937 10.7207721 12.5223044
2.4061135 11.9660361 18.2848466 9.6802816 10.2475367 9.2453462
3.2312346 12.5076658 30.0000000 9.8246010 9.8175219 9.0984150
4.0845313 13.0045354 29.1351314 9.8234615 9.4482360 8.5817438
4.9640646 13.4563699 27.4782027 9.7961083 9.1308624 8.0732990
5.8661546 13.8644268 25.9667157 9.7525784 8.8608893 7.5953304
6.7874148 14.2302262 24.5695268 9.6953714 8.6350539 7.1408483
7.7248581 14.5554144 23.2628872 9.6263502 8.4507060 6.6917436
8.6758747 14.8417512 22.0287002 9.5482168 8.3052307 6.2635642
9.6381117 15.0911436 20.8519197 9.4614420 8.1966780 5.8373564
10.6095477 15.3055459 19.7208833 9.3678025 8.1227784 5.4271546
11.5883846 15.4870198 18.6257577 9.2676568 8.0816933 5.0114473
12.5731088 15.6376437 17.5588198 9.1627834 8.0708656 4.6040713
13.5623927 15.7596032 16.5134879 9.0538650 25.8392587 -16.3081056
14.5177480 15.8515056 15.7648822 10.4279544 30.0000000 -11.0384275
15.4816509 16.0365234 14.9976886 11.9024806 30.0000000 -12.6846737
16.4260634 16.2812015 14.3323288 14.1876989 30.0000000 -15.2354680
17.3398623 16.5909025 13.8312559 13.5839425 30.0000000 -17.1719502
18.2143879 16.9756598 13.5272012 12.2366400 30.0000000 -18.3647075
19.0412680 17.4414962 13.4481687 11.1135957 30.0000000 -18.0792712
19.8159221 17.9924997 13.5687017 10.2046486 30.0000000 -16.2198208
20.5366043 18.6270040 13.7996648 9.4675814 30.0000000 -14.7549124
21.1997604 19.3308219 14.1595369 8.8584821 30.0000000 -14.4140140
21.8017030 20.0895712 14.7887838 8.3613414 30.0000000 -16.2653473
22.3338738 20.8885368 16.1652596 8.0033031 15.0900264 -4.3323855
22.8067534 21.7664196 15.9172505 7.5691726 15.4443735 -7.6851271
23.2546094 22.6504680 30.0000000 7.2103388 14.8736502 -7.2296299
23.6630374 23.5545417 30.0000000 6.8889523 14.4385720 -6.5471789
24.0337142 24.4762780 30.0000000 6.5976728 30.0000000 -24.7049180
24.3403944 25.3314208 30.0000000 6.7697810 11.5550078 -0.6743668
24.5435294 26.3105008 30.0000000 6.5436999 11.8544430 -0.4475306
24.7428294 27.2904082 30.0000000 6.3155948 30.0000000 -24.7049180
24.9215750 28.1811225 30.0000000 6.7976009 10.4127362 -1.9778587
24.9797838 29.1788301 30.0000000 6.7896352 10.3669464 -2.0445488
25.0265088 30.1771006 30.0000000 6.8005638 30.0000000 -24.7049180
25.0581893 31.0850204 30.0000000 30.0000000 9.0809386 23.3084456
24.9620359 31.9983610 30.0000000 6.9373767 30.0000000 -24.7049180
24.9869147 32.9064926 30.0000000 30.0000000 30.0000000 -4.7049180
24.8751481 33.8968361 30.0000000 30.0000000 30.0000000 -4.7049180
24.7363459 34.8837536 30.0000000 30.0000000 30.0000000 -4.7049180
24.5706120 35.8665070 30.0000000 30.0000000 30.0000000 -4.7049180
24.3780702 36.8443617 30.0000000 30.0000000 30.0000000 -4.7049180
24.1588646 37.8165864 30.0000000 30.0000000 30.0000000 -4.7049180
