0.5000000 0.0000000 22.0000000 7.7781746 9.1923882 0.5615703
0.5000000 0.9999520 21.0001601 7.7528870 9.2225678 0.4889462
0.5032669 1.9999102 20.0004633 7.7264781 9.2537357 0.4110962
0.5093783 2.9998658 19.0008211 7.6997184 9.2849377 0.3300547
0.5178813 3.9998131 18.0011648 7.6733229 9.3152772 0.2478544
0.5283044 4.9997494 17.0014474 24.3324035 9.3439409 23.1200114
0.5392165 5.9193691 16.2467598 30.0000000 10.9166207 21.3112698
0.6721027 6.8414627 15.7049971 6.1423199 13.4086306 -3.5367487
0.9331000 7.8048291 14.6285001 30.0000000 13.4537398 20.4217007
1.1595086 8.7142185 14.1988764 30.0000000 14.5819160 16.1626786
1.4983803 9.6129279 13.7799741 30.0000000 13.1021042 23.0208199
1.9016061 10.4402590 13.8583155 28.6766982 11.7976567 23.4679368
2.4075396 11.2053992 14.3252043 27.6564354 10.8196288 23.1340518
3.0120797 11.8983448 15.2834269 27.0420927 10.1219321 22.4312906
3.7057265 12.5092903 16.9434985 13.2284768 9.6662062 22.0931120
4.4732992 13.0283002 28.6145601 9.7283335 9.4407535 8.2230157
5.3562154 13.4755166 27.0034496 9.7561246 9.1230006 7.9155363
6.2601363 13.8804390 25.5151949 9.7313439 8.8539353 7.5085930
7.1825788 14.2437898 24.1326153 9.6818626 8.6293523 7.0833078
8.1208640 14.5669227 22.8362832 9.6166321 8.4462885 6.6507849
9.0725031 14.8514738 21.6096690 9.5403972 8.3020964 6.2311121
10.0352139 15.0992786 20.4386177 9.4546870 8.1947656 5.8105385
11.0070120 15.3122554 19.3119284 9.3616438 8.1220247 5.4028423
11.9861274 15.4924421 18.2201090 9.2619274 8.0819854 4.9897700
12.9710614 15.6419075 17.1556312 9.1573317 8.0721128 4.5843852
13.9605008 15.7628259 16.1120898 9.0486017 25.1846997 -16.3287078
14.9158417 15.8538191 15.3570916 10.4193857 30.0000000 -11.3094424
15.8789967 16.0378686 14.5899646 11.9198024 30.0000000 -14.2487138
16.8170793 16.2816317 13.9655455 14.4706781 30.0000000 -16.6526687
17.7214495 16.5978478 13.5209122 13.0871510 30.0000000 -18.3892048
18.5831925 16.9951858 13.2900470 11.7771600 30.0000000 -19.3097548
19.3939158 17.4782817 13.3009732 10.7072329 30.0000000 -17.8999100
20.1527096 18.0525333 13.4641713 9.8533010 30.0000000 -15.9959824
20.8557617 18.7081086 13.7376491 9.1591425 30.0000000 -14.7146271
21.4995643 19.4299117 14.1660447 8.5866493 30.0000000 -15.1194250
22.0788499 20.2021778 14.9955499 8.1332554 30.0000000 -17.2383833
22.5833551 21.0131355 16.7883410 7.8338328 14.2347633 -1.6994375
23.0249343 21.9098675 16.1130344 7.3926298 15.1661092 -7.4721444
23.4541418 22.8036625 30.0000000 7.0516982 14.6650349 -7.2025871
23.8444379 23.7157750 30.0000000 6.7501668 14.2413710 -5.7255257
24.1973027 24.6461157 30.0000000 6.4635202 30.0000000 -24.7049180
24.4910524 25.5057860 30.0000000 6.6562087 11.5651711 -0.6663325
24.6794001 26.4878196 30.0000000 6.4456296 11.8331985 -0.4610608
24.8639460 27.4706105 30.0000000 6.2335179 30.0000000 -24.7049180
25.0292107 28.3639243 30.0000000 6.7449904 10.3992227 -1.9974940
25.0723349 29.3623858 30.0000000 6.7589571 10.3328281 -2.0945300
25.1038537 30.3612205 30.0000000 6.7939342 30.0000000 -24.7049180
25.1214424 31.2695225 30.0000000 30.0000000 9.0497362 23.3316620
25.0111477 32.1811020 30.0000000 30.0000000 30.0000000 -4.7049180
25.0231035 33.1776606 30.0000000 30.0000000 30.0000000 -4.7049180
25.0078076 34.1741736 30.0000000 30.0000000 30.0000000 -4.7049180
24.9652713 35.1698958 30.0000000 30.0000000 30.0000000 -4.7049180
24.8955266 36.1640828 30.0000000 30.0000000 30.0000000 -4.7049180
24.7986256 37.1559912 30.0000000 30.0000000 30.0000000 -4.7049180
