1.0000000 0.0000000 22.0000000 7.0710678 9.8994949 -2.2729135
1.0000000 0.9992133 21.0026221 7.1664329 9.7711757 -1.8261475
0.9867869 1.9986180 20.0070684 7.2650200 9.6534111 -1.3980456
0.9629536 2.9980362 19.0116820 7.3626056 9.5467729 -0.9953737
0.9309884 3.9973742 18.0154718 7.4554783 9.4517662 -0.6289664
0.8932336 4.9966010 17.0179988 23.1092327 9.3685585 23.1013849
0.8551411 5.9156239 16.1493557 30.0000000 10.6962319 21.5862799
0.9384724 6.8417470 15.5076619 30.0000000 12.8035449 21.8410095
1.1344017 7.7490527 15.1003872 30.0000000 15.8142210 10.4478327
1.4595874 8.6771529 14.4494156 30.0000000 14.3921214 16.4424964
1.8308661 9.5614794 14.1122914 29.4267536 12.9938422 23.2857753
2.2647660 10.3710811 14.3307871 28.0997842 11.7817687 23.1298806
2.8021922 11.1173171 14.9496291 27.2100016 10.8875620 22.6739023
3.4348260 11.7890127 16.1101626 18.1163221 10.2611424 22.2050741
4.1509410 12.3758294 30.0000000 10.6385225 9.8735322 11.7433340
4.9803710 12.8960431 28.3908393 10.0230632 9.5095603 9.4048467
5.8497825 13.3623272 26.6648967 9.8701679 9.1871744 8.4202236
6.7457131 13.7816911 25.1314495 9.7935561 8.9093166 7.8039654
7.6624495 14.1573997 23.7249370 9.7250042 8.6752770 7.2929228
8.5963548 14.4916253 22.4136837 9.6518193 8.4829032 6.8176836
9.5445388 14.7863366 21.1768849 9.5721860 8.3297623 6.3767106
10.5044962 15.0435262 19.9984219 9.4848797 8.2139930 5.9409174
11.4741125 15.2651821 18.8662270 9.3912723 8.1332940 5.5256847
12.4515099 15.4533902 17.7701982 9.2912893 8.0858931 5.1050952
13.4351161 15.6102366 16.7025151 9.1866868 30.0000000 -15.7966720
14.3894210 15.7335092 15.9937351 10.6905158 30.0000000 -10.0214887
15.3505724 15.9477656 15.2315902 12.2267176 30.0000000 -11.7920336
16.2920541 16.2158127 14.5690936 14.5976299 30.0000000 -14.3289023
17.2036761 16.5439822 14.0658646 13.6587926 30.0000000 -16.2611031
18.0770255 16.9425450 13.7516689 12.3501914 30.0000000 -17.4835120
18.9039923 17.4177995 13.6522105 11.2459522 30.0000000 -17.7299370
19.6781508 17.9727226 13.7730244 10.3415882 30.0000000 -15.9153597
20.3988488 18.6094325 14.0005613 9.6053983 30.0000000 -14.3595552
21.0631933 19.3145136 14.3389521 8.9936612 30.0000000 -14.2048989
21.6673908 20.0726224 14.9544678 8.4925604 30.0000000 -15.9947403
22.2030186 20.8708552 16.2921391 8.1279871 14.8794651 -2.9889496
22.6809408 21.7477083 15.7997314 7.6701911 15.6499974 -7.9766574
23.1396982 22.6253669 30.0000000 7.3031313 14.9880161 -7.2244453
23.5580996 23.5248810 30.0000000 6.9705172 14.5501451 -7.0039832
23.9386092 24.4415835 30.0000000 6.6764705 30.0000000 -24.7049180
24.2524983 25.2941065 30.0000000 6.8372740 11.5437243 -0.6832933
24.4638919 26.2714348 30.0000000 6.6027625 11.8609304 -0.4434019
24.6714073 27.2496360 30.0000000 6.3659594 30.0000000 -24.7049180
24.8576419 28.1388146 30.0000000 6.8322648 10.4154301 -1.9739491
24.9242444 29.1359994 30.0000000 6.8126503 10.3810177 -2.0240074
24.9793915 30.1338528 30.0000000 6.8108885 30.0000000 -24.7049180
25.0188399 31.0414683 30.0000000 30.0000000 9.0936367 23.2989131
24.9304992 31.9556638 30.0000000 6.9252908 30.0000000 -24.7049180
24.9631014 32.8635509 30.0000000 30.0000000 30.0000000 -4.7049180
24.8597624 33.8548092 30.0000000 30.0000000 30.0000000 -4.7049180
24.7293597 34.8428716 30.0000000 30.0000000 30.0000000 -4.7049180
24.5719907 35.8269992 30.0000000 30.0000000 30.0000000 -4.7049180
24.3877733 36.8064561 30.0000000 30.0000000 30.0000000 -4.7049180
24.1768450 37.7805102 30.0000000 30.0000000 30.0000000 -4.7049180
