-1.5000000 0.0000000 22.0000000 10.6066017 6.3639610 9.6567092
-1.5000000 0.9858305 21.0470968 10.0598451 6.7520651 7.5500648
-1.4445699 1.9756100 20.1244378 9.6181544 7.1946336 5.8988631
-1.3455071 2.9653697 19.2068625 9.2367397 7.6770950 4.6229488
-1.2123228 3.9531784 18.2829414 8.8903794 8.1882760 3.6490497
-1.0524516 4.9382624 17.3486049 8.5642876 8.7203471 2.9950039
-0.8715982 5.9203836 16.4050723 30.0000000 9.2749747 23.1711226
-0.6893847 6.8214790 16.0500741 30.0000000 12.1007542 21.1635311
-0.3862609 7.7033931 15.8902837 6.7591162 15.1312996 -9.3232544
0.0444664 8.5912155 14.5436875 30.0000000 14.4839217 15.9090229
0.4169042 9.4778684 14.1857785 30.0000000 13.0923884 22.7469966
0.8502479 10.2919355 14.3692746 29.5609263 11.8732135 23.1008401
1.3835057 11.0414001 14.9711895 28.6348670 10.9656357 22.6568765
2.0122534 11.7168912 16.1067466 18.5007076 10.3276764 22.1020986
2.7253695 12.3084106 18.0523121 10.6404468 9.9280412 11.7759846
3.5512833 12.8339727 30.0000000 10.0192576 9.5562730 9.4536620
4.4175936 13.3057018 28.3272179 9.8694613 9.2272789 8.4684296
5.3108506 13.7304431 26.7460769 9.7965521 8.9433396 7.8546363
6.2252844 14.1114088 25.3015469 9.7307397 8.7036466 7.3435648
7.1572315 14.4507271 23.9598231 9.6597375 8.5059374 6.8694451
8.1037655 14.7503393 22.6985924 9.5817592 8.3477733 6.4293747
9.0623501 15.0122103 21.5006242 9.4957076 8.2272777 5.9939248
10.0308421 15.2383055 20.3530383 9.4030900 8.1421413 5.5776374
11.0073357 15.4306942 19.2450331 9.3039735 8.0905559 5.1572645
11.9902271 15.5914562 18.1682002 9.2000531 8.0700135 4.7448231
12.9781099 15.7227772 17.1154015 9.0920227 27.0434099 -16.1584855
13.9333578 15.8230436 16.3850993 10.4989618 30.0000000 -10.7639845
14.8966688 16.0157898 15.6276712 11.9895504 30.0000000 -10.2629060
15.8476542 16.2685426 14.9052471 13.9457293 30.0000000 -13.0424945
16.7726477 16.5742522 14.3278546 14.3065732 30.0000000 -15.2528211
17.6633191 16.9450541 13.9251046 12.9258942 30.0000000 -16.8096331
18.5113950 17.3890528 13.7243870 11.7381109 30.0000000 -17.5913279
19.3093437 17.9105291 13.7460825 10.7505861 30.0000000 -16.7186231
20.0541924 18.5125634 13.9323838 9.9462659 30.0000000 -14.7672701
20.7444755 19.1897182 14.2003413 9.2819433 30.0000000 -13.7165709
21.3776689 19.9264954 14.6191137 8.7263941 30.0000000 -15.0574486
21.9472172 20.7063193 15.5563506 8.2930341 16.5184113 -8.2678305
22.4594895 21.5530179 15.8398808 7.8673235 15.6347769 -6.9975567
22.9319895 22.4258878 16.0658203 7.4707910 15.2261534 -7.3236651
23.3683413 23.3165883 30.0000000 7.1195788 30.0000000 -24.1849037
23.7344960 24.1521066 30.0000000 7.1765081 11.7602385 0.4157910
24.0070361 25.1142237 30.0000000 6.8550992 12.3727838 -0.1609029
24.2819090 26.0757001 30.0000000 6.5440886 30.0000000 -24.7049180
24.5308066 26.9494117 30.0000000 6.8578660 10.8249560 -1.4235145
24.6680818 27.9396331 30.0000000 6.7281139 10.9331896 -1.2928143
24.7971594 28.9310109 30.0000000 6.6036443 30.0000000 -24.7049180
24.9076743 29.8327361 30.0000000 7.3334644 9.5994128 -1.0903168
24.8898600 30.8323963 30.0000000 7.4079602 30.0000000 -22.9421688
24.8676120 31.7530263 30.0000000 30.0000000 8.5050290 23.7138380
24.7267521 32.6576913 30.0000000 30.0000000 30.0000000 -4.7049180
24.7068182 33.6541222 30.0000000 30.0000000 30.0000000 -4.7049180
24.6596481 34.6496357 30.0000000 30.0000000 30.0000000 -4.7049180
24.5852769 35.6434873 30.0000000 30.0000000 30.0000000 -4.7049180
24.4837602 36.6349339 30.0000000 30.0000000 30.0000000 -4.7049180
24.3551740 37.6232343 30.0000000 30.0000000 30.0000000 -4.7049180
