22.0000000 5.6568542 11.3137085 -0.8922367
21.0004042 5.6864470 11.2554375 -0.9473288
20.0014167 5.7257966 11.1872882 -1.0137664
19.0031032 5.7759947 11.1083841 -1.0996256
18.0055678 5.8385936 11.0173441 -1.1995732
17.0089311 5.9152456 10.9130900 -1.3152066
16.0133368 21.8247202 10.7944689 21.4618292
15.1261482 30.0000000 12.2201900 22.4243622
14.4754235 30.0000000 14.6719998 15.3231365
13.8270522 30.0000000 14.9303375 15.5403101
13.2841112 29.8608722 13.3164380 22.4633301
13.1553965 28.2094911 11.8559512 23.9542701
13.3968058 26.9863492 10.7323543 23.1764634
14.0046015 26.1922809 9.9087140 22.4817999
15.1302423 21.6374178 9.3303415 22.7352364
28.7378758 13.0493224 8.9844852 21.2015913
26.1532329 10.2611606 8.8419908 9.4830046
24.6193598 9.9586697 8.6214908 8.1157908
23.2517346 9.7884919 8.4368412 7.2910178
21.9855319 9.6591445 8.2895962 6.6719094
20.7904078 9.5430086 8.1790282 6.1321603
19.6483976 9.4312773 8.1032156 5.6539217
18.5464642 9.3189681 8.0606223 5.1920804
17.4752735 9.2054517 8.0487683 4.7490711
16.4273265 9.0902459 25.7895440 -16.1654627
15.6788408 10.4706731 30.0000000 -10.8736680
14.9083350 11.9417930 30.0000000 -13.0306059
14.2533191 14.2985099 30.0000000 -15.5408530
13.7659169 13.4649830 30.0000000 -17.4271254
13.4790614 12.1282428 30.0000000 -18.5547210
13.4206180 11.0189148 30.0000000 -18.0195214
13.5514188 10.1239000 30.0000000 -16.1113652
13.7888349 9.3973279 30.0000000 -14.7346946
14.1637089 8.7968858 30.0000000 -14.5649512
14.8362131 8.3097447 30.0000000 -16.4756623
16.3001217 7.9648566 14.8718595 -3.6679749
15.9500753 7.5285339 15.3913425 -7.6752983
30.0000000 7.1740600 14.8275479 -7.2259092
30.0000000 6.8571022 14.3946772 -6.3673749
30.0000000 6.5669402 30.0000000 -24.7049180
30.0000000 6.7436198 11.5582727 -0.6717852
30.0000000 6.5209648 11.8506237 -0.4499620
30.0000000 6.2963945 30.0000000 -24.7049180
30.0000000 6.7848516 10.4105618 -1.9810156
30.0000000 6.7816809 10.3601740 -2.0544501
30.0000000 6.7978515 30.0000000 -24.7049180
30.0000000 30.0000000 9.0747772 23.3130533
30.0000000 6.9437932 30.0000000 -24.7049180
30.0000000 30.0000000 30.0000000 -4.7049180
30.0000000 30.0000000 30.0000000 -4.7049180
30.0000000 30.0000000 30.0000000 -4.7049180
30.0000000 30.0000000 30.0000000 -4.7049180
30.0000000 30.0000000 30.0000000 -4.7049180
30.0000000 30.0000000 30.0000000 -4.7049180
