22.0000000 4.9497475 12.0208153 -0.3420733
21.0000594 4.9596274 11.9969640 -0.3571373
20.0002047 4.9728315 11.9694107 -0.3745621
19.0004396 4.9895811 11.9379066 -0.3945152
18.0007688 5.0101280 11.9021799 -0.4171811
17.0011979 5.0347573 11.8619352 -0.4427625
16.0017330 5.0637920 11.8168518 -1.2168077
15.0037730 20.7897189 11.7175227 22.6274738
14.1602191 30.0000000 13.4585135 20.9521236
13.4969515 30.0000000 15.4999275 13.7447769
12.8004489 30.0000000 13.7480700 21.1625404
12.4320874 28.7886238 12.0799321 24.1120504
12.4041835 27.2501361 10.7456434 23.1861040
12.6438530 26.1990260 9.7456797 22.2160384
13.2136512 25.5172228 9.0017277 21.2206321
14.2330925 23.1990641 8.4658807 21.4965920
27.5033219 15.1473652 8.1310821 21.3888539
25.0715232 11.8545685 8.0009605 15.0555970
23.3768028 10.6488375 7.9298510 10.1696344
22.0339951 10.1554090 7.8633706 8.2334647
20.8268702 9.8439924 7.8267841 7.0268001
19.6961039 9.6080499 7.8226286 6.1270371
18.6138883 9.4097912 7.8497685 5.3903685
17.5640296 9.2323587 7.9059148 4.7418959
16.5360350 9.0679669 24.7475243 -16.2528639
15.7253238 10.2605234 30.0000000 -11.6797044
14.9306965 11.5872070 30.0000000 -12.9443801
14.2288902 13.5984943 30.0000000 -15.6348246
13.6891285 13.8266249 30.0000000 -17.7303723
13.3477703 12.3897320 30.0000000 -19.0800188
13.2366646 11.1976306 30.0000000 -18.8048160
13.3292754 10.2400607 30.0000000 -17.0216809
13.5494543 9.4707767 30.0000000 -15.4356593
13.9024380 8.8408888 30.0000000 -14.3077805
14.4381668 8.3219865 30.0000000 -16.0945335
15.6458907 7.9377528 16.0413842 -8.1705071
16.0316023 7.5450157 15.2747700 -7.1545873
30.0000000 7.1839807 14.8414736 -7.2322419
30.0000000 6.8658545 14.4068677 -6.4174843
30.0000000 6.5753902 30.0000000 -24.7049180
30.0000000 6.7508039 11.5574360 -0.6724468
30.0000000 6.5271992 11.8517427 -0.4492496
30.0000000 6.3016490 30.0000000 -24.7049180
30.0000000 6.7883140 10.4112199 -1.9800600
30.0000000 6.7838109 10.3621047 -2.0516263
30.0000000 6.7985238 30.0000000 -24.7049180
30.0000000 30.0000000 9.0765361 23.3117391
30.0000000 6.9419337 30.0000000 -24.7049180
30.0000000 30.0000000 30.0000000 -4.7049180
30.0000000 30.0000000 30.0000000 -4.7049180
30.0000000 30.0000000 30.0000000 -4.7049180
30.0000000 30.0000000 30.0000000 -4.7049180
30.0000000 30.0000000 30.0000000 -4.7049180
30.0000000 30.0000000 30.0000000 -4.7049180
