22.0000000 12.0208153 4.9497475 15.3919817
21.1186841 11.0836664 5.4536375 11.5214625
20.3039545 10.4135310 6.0864514 8.9061793
19.4994523 9.8662622 6.8385812 6.8077850
18.6759427 9.3877682 7.6822993 5.2085665
17.8238712 8.9469287 8.5942113 4.2632362
16.9510988 8.5199332 9.5820274 4.3051013
16.0840780 30.0000000 10.7324681 21.5401973
15.9338981 30.0000000 15.2052180 11.7502808
15.4976589 30.0000000 13.9716617 16.7704022
15.4572801 30.0000000 12.8286835 21.9134079
16.0608539 29.5476612 11.8940560 21.1516874
17.1263973 11.0494251 11.2209948 15.5202672
18.1058906 8.8870944 10.7024455 7.0059499
18.1562979 9.9945959 10.1921655 10.2511478
30.0000000 9.8555198 9.7765272 9.1520244
28.7925733 9.8294878 9.4135150 8.5561440
27.1535434 9.7958201 9.1012545 8.0341799
25.6572608 9.7493649 8.8358955 7.5541110
24.2724130 9.6902232 8.6143591 7.0995947
22.9757143 9.6197347 8.4340633 6.6516074
21.7494738 9.5403409 8.2924456 6.2221091
20.5790841 9.4526632 8.1875048 5.7974994
19.4530803 9.3581735 8.1170487 5.3857078
18.3619282 9.2574510 8.0791387 4.9704969
17.2980450 9.1520965 8.0712531 4.5639099
16.2550122 9.0427693 25.3618642 -16.3515274
15.5000056 10.4071686 30.0000000 -11.1182180
14.7286650 11.8766930 30.0000000 -13.7151391
14.0874619 14.3105880 30.0000000 -16.1763929
13.6202012 13.2742628 30.0000000 -18.0012360
13.3610634 11.9454163 30.0000000 -19.0270077
13.3380006 10.8526929 30.0000000 -18.0119001
13.4846659 9.9770684 30.0000000 -16.0393316
13.7348644 9.2658135 30.0000000 -14.7907233
14.1382732 8.6789596 30.0000000 -14.8545570
14.8845190 8.2081331 30.0000000 -16.8599759
16.5005764 7.8851240 14.5893338 -2.9141966
16.0366832 7.4498717 15.2656595 -7.5774674
30.0000000 7.1033449 14.7342886 -7.2136236
30.0000000 6.7952155 14.3066352 -6.0014432
30.0000000 6.5071181 30.0000000 -24.7049180
30.0000000 6.6929445 11.5629803 -0.6680639
30.0000000 6.4771742 11.8413403 -0.4558738
30.0000000 6.2597068 30.0000000 -24.7049180
30.0000000 6.7612360 10.4047061 -1.9895221
30.0000000 6.7677937 10.3451490 -2.0764519
30.0000000 6.7946276 30.0000000 -24.7049180
30.0000000 30.0000000 9.0610438 23.3232824
30.0000000 6.9589551 30.0000000 -24.7049180
30.0000000 30.0000000 30.0000000 -4.7049180
30.0000000 30.0000000 30.0000000 -4.7049180
30.0000000 30.0000000 30.0000000 -4.7049180
30.0000000 30.0000000 30.0000000 -4.7049180
30.0000000 30.0000000 30.0000000 -4.7049180
30.0000000 30.0000000 30.0000000 -4.7049180
