22.0000000 4.2426407 12.7279221 -0.0453463
21.0000010 4.2437604 12.7245656 -0.0459057
20.0000035 4.2452681 12.7207975 -0.0465337
19.0000072 4.2471705 12.7166086 -0.0472319
18.0000122 4.2494747 12.7119889 -0.0480019
17.0000184 4.2521888 12.7069278 -0.3552073
16.0001166 4.2629510 12.6789103 -1.2185939
15.0010836 20.9940556 12.5857929 22.6319848
14.1760791 30.0000000 14.5152621 16.4505601
13.4273792 30.0000000 15.6172010 13.3640464
12.7035461 30.0000000 13.8391719 20.8676777
12.2912412 28.4238227 12.1284666 24.1444796
12.2142147 26.8372454 10.7488078 23.1883914
12.3892554 25.7426556 9.7121672 22.1622958
12.8660389 25.0157851 8.9350383 21.1471778
13.7463846 24.5756815 8.3660348 20.9490559
27.3076310 16.7699536 7.9872033 23.2035958
24.7118043 12.4786456 7.8485681 17.6928395
22.9072784 10.8294509 7.8168510 10.8041464
21.5587956 10.2554633 7.7684770 8.5655922
20.3565007 9.9041872 7.7487541 7.2125603
19.2330234 9.6435622 7.7611182 6.2282183
18.1580874 9.4278205 7.8046822 5.4319815
17.1146797 9.2371801 26.1003700 -15.6029591
16.3236156 10.4721180 30.0000000 -10.8680767
15.5321126 11.7994347 30.0000000 -10.6348584
14.7856644 13.5689959 30.0000000 -13.4995541
14.1817043 14.5151877 30.0000000 -15.8157383
13.7533854 13.0537429 30.0000000 -17.4767219
13.5312679 11.8032948 30.0000000 -18.3488612
13.5395046 10.7707736 30.0000000 -17.3019232
13.7093135 9.9370566 30.0000000 -15.3500388
13.9720332 9.2536922 30.0000000 -14.2039965
14.3867370 8.6857568 30.0000000 -15.0004701
15.2431144 8.2372043 30.0000000 -17.3266425
17.1215458 7.9465902 13.8002988 0.6034279
16.0066729 7.4735185 15.3073886 -7.6223515
30.0000000 7.1247231 30.0000000 -24.1625172
30.0000000 7.1801074 11.7647441 0.4374106
30.0000000 6.8575039 12.3825743 -0.1562131
30.0000000 6.5455424 30.0000000 -24.7049180
30.0000000 6.8573021 10.8327337 -1.4137629
30.0000000 6.7261177 10.9432707 -1.2816011
30.0000000 6.6000918 30.0000000 -24.7049180
30.0000000 7.3262047 9.6084963 -1.1190486
30.0000000 7.4002761 30.0000000 -22.9747207
30.0000000 30.0000000 8.5111587 23.7097667
30.0000000 30.0000000 30.0000000 -4.7049180
30.0000000 30.0000000 30.0000000 -4.7049180
30.0000000 30.0000000 30.0000000 -4.7049180
30.0000000 30.0000000 30.0000000 -4.7049180
30.0000000 30.0000000 30.0000000 -4.7049180
30.0000000 30.0000000 30.0000000 -4.7049180
