22.0000000 7.0710678 9.8994949 -2.2729135
21.0026221 7.1664329 9.7711757 -1.8261475
20.0070684 7.2650200 9.6534111 -1.3980456
19.0116820 7.3626056 9.5467729 -0.9953737
18.0154718 7.4554783 9.4517662 -0.6289664
17.0179988 23.1092327 9.3685585 23.1013849
16.1493557 30.0000000 10.6962319 21.5862799
15.5076619 30.0000000 12.8035449 21.8410095
15.1003872 30.0000000 15.8142210 10.4478327
14.4494156 30.0000000 14.3921214 16.4424964
14.1122914 29.4267536 12.9938422 23.2857753
14.3307871 28.0997842 11.7817687 23.1298806
14.9496291 27.2100016 10.8875620 22.6739023
16.1101626 18.1163221 10.2611424 22.2050741
30.0000000 10.6385225 9.8735322 11.7433340
28.3908393 10.0230632 9.5095603 9.4048467
26.6648967 9.8701679 9.1871744 8.4202236
25.1314495 9.7935561 8.9093166 7.8039654
23.7249370 9.7250042 8.6752770 7.2929228
22.4136837 9.6518193 8.4829032 6.8176836
21.1768849 9.5721860 8.3297623 6.3767106
19.9984219 9.4848797 8.2139930 5.9409174
18.8662270 9.3912723 8.1332940 5.5256847
17.7701982 9.2912893 8.0858931 5.1050952
16.7025151 9.1866868 30.0000000 -15.7966720
15.9937351 10.6905158 30.0000000 -10.0214887
15.2315902 12.2267176 30.0000000 -11.7920336
14.5690936 14.5976299 30.0000000 -14.3289023
14.0658646 13.6587926 30.0000000 -16.2611031
13.7516689 12.3501914 30.0000000 -17.4835120
13.6522105 11.2459522 30.0000000 -17.7299370
13.7730244 10.3415882 30.0000000 -15.9153597
14.0005613 9.6053983 30.0000000 -14.3595552
14.3389521 8.9936612 30.0000000 -14.2048989
14.9544678 8.4925604 30.0000000 -15.9947403
16.2921391 8.1279871 14.8794651 -2.9889496
15.7997314 7.6701911 15.6499974 -7.9766574
30.0000000 7.3031313 14.9880161 -7.2244453
30.0000000 6.9705172 14.5501451 -7.0039832
30.0000000 6.6764705 30.0000000 -24.7049180
30.0000000 6.8372740 11.5437243 -0.6832933
30.0000000 6.6027625 11.8609304 -0.4434019
30.0000000 6.3659594 30.0000000 -24.7049180
30.0000000 6.8322648 10.4154301 -1.9739491
30.0000000 6.8126503 10.3810177 -2.0240074
30.0000000 6.8108885 30.0000000 -24.7049180
30.0000000 30.0000000 9.0936367 23.2989131
30.0000000 6.9252908 30.0000000 -24.7049180
30.0000000 30.0000000 30.0000000 -4.7049180
30.0000000 30.0000000 30.0000000 -4.7049180
30.0000000 30.0000000 30.0000000 -4.7049180
30.0000000 30.0000000 30.0000000 -4.7049180
30.0000000 30.0000000 30.0000000 -4.7049180
30.0000000 30.0000000 30.0000000 -4.7049180
