22.0000000 9.8994949 7.0710678 6.9493930
21.0244525 9.5231656 7.3744874 5.5851336
20.0660376 9.1981517 7.7088725 4.4941937
19.1120329 8.9044076 8.0663450 3.6076076
18.1557979 8.6305524 8.4397143 2.8858168
17.1942479 30.0000000 8.8230353 23.4919556
16.7312294 7.5217349 11.0675617 1.6018438
15.7729706 30.0000000 11.8029697 21.4889345
15.5012406 30.0000000 15.3864847 11.4924213
14.9768451 30.0000000 14.0676398 16.8390216
14.8121085 29.9314316 12.8219930 22.7778771
15.2662792 28.8325039 11.7814922 22.1968263
16.1636383 27.8787717 11.0278184 21.1880256
17.6396753 10.4000216 10.5127548 12.1880855
30.0000000 9.7603708 10.0665150 9.3928675
29.4876568 9.7932113 9.6649151 8.7659444
27.7563571 9.8034744 9.3160942 8.3362108
26.1803623 9.7752529 9.0179121 7.8619653
24.7314238 9.7282404 8.7658791 7.3985501
23.3836550 9.6675291 8.5568193 6.9527000
22.1163279 9.5953893 8.3882136 6.5177141
20.9131649 9.5137774 8.2577714 6.0900406
19.7611000 9.4243019 8.1633120 5.6729548
18.6494134 9.3278978 8.1028384 5.2584421
17.5694690 9.2258800 8.0741056 4.8462231
16.5141329 9.1193969 26.3043909 -16.0534294
15.7834830 10.5546759 30.0000000 -10.5466053
15.0178967 12.0593196 30.0000000 -12.6083551
14.3637566 14.4460283 30.0000000 -15.1133723
13.8744923 13.5093242 30.0000000 -17.0053652
13.5819707 12.1883270 30.0000000 -18.1509282
13.5129025 11.0857460 30.0000000 -17.8590016
13.6420004 10.1913897 30.0000000 -15.9850147
13.8768350 9.4640876 30.0000000 -14.5628981
14.2404793 8.8615379 30.0000000 -14.4568594
14.9020350 8.3715760 30.0000000 -16.3342734
16.3385459 8.0223818 14.8081620 -3.1656809
15.8928262 7.5760246 15.4824386 -7.7983617
30.0000000 7.2174961 14.8814701 -7.2252634
30.0000000 6.8951962 14.4470567 -6.5817347
30.0000000 6.6036930 30.0000000 -24.7049180
30.0000000 6.7749156 11.5543013 -0.6749255
30.0000000 6.5481718 11.8551160 -0.4471023
30.0000000 6.3193831 30.0000000 -24.7049180
30.0000000 6.8001457 10.4130963 -1.9773361
30.0000000 6.7912563 10.3681981 -2.0427197
30.0000000 6.8011761 30.0000000 -24.7049180
30.0000000 30.0000000 9.0820750 23.3075945
30.0000000 6.9362251 30.0000000 -24.7049180
30.0000000 30.0000000 30.0000000 -4.7049180
30.0000000 30.0000000 30.0000000 -4.7049180
30.0000000 30.0000000 30.0000000 -4.7049180
30.0000000 30.0000000 30.0000000 -4.7049180
30.0000000 30.0000000 30.0000000 -4.7049180
30.0000000 30.0000000 30.0000000 -4.7049180
