22.0000000 10.6066017 6.3639610 9.6567092
21.0470968 10.0598451 6.7520651 7.5500648
20.1244378 9.6181544 7.1946336 5.8988631
19.2068625 9.2367397 7.6770950 4.6229488
18.2829414 8.8903794 8.1882760 3.6490497
17.3486049 8.5642876 8.7203471 2.9950039
16.4050723 30.0000000 9.2749747 23.1711226
16.0500741 30.0000000 12.1007542 21.1635311
15.8902837 6.7591162 15.1312996 -9.3232544
14.5436875 30.0000000 14.4839217 15.9090229
14.1857785 30.0000000 13.0923884 22.7469966
14.3692746 29.5609263 11.8732135 23.1008401
14.9711895 28.6348670 10.9656357 22.6568765
16.1067466 18.5007076 10.3276764 22.1020986
18.0523121 10.6404468 9.9280412 11.7759846
30.0000000 10.0192576 9.5562730 9.4536620
28.3272179 9.8694613 9.2272789 8.4684296
26.7460769 9.7965521 8.9433396 7.8546363
25.3015469 9.7307397 8.7036466 7.3435648
23.9598231 9.6597375 8.5059374 6.8694451
22.6985924 9.5817592 8.3477733 6.4293747
21.5006242 9.4957076 8.2272777 5.9939248
20.3530383 9.4030900 8.1421413 5.5776374
19.2450331 9.3039735 8.0905559 5.1572645
18.1682002 9.2000531 8.0700135 4.7448231
17.1154015 9.0920227 27.0434099 -16.1584855
16.3850993 10.4989618 30.0000000 -10.7639845
15.6276712 11.9895504 30.0000000 -10.2629060
14.9052471 13.9457293 30.0000000 -13.0424945
14.3278546 14.3065732 30.0000000 -15.2528211
13.9251046 12.9258942 30.0000000 -16.8096331
13.7243870 11.7381109 30.0000000 -17.5913279
13.7460825 10.7505861 30.0000000 -16.7186231
13.9323838 9.9462659 30.0000000 -14.7672701
14.2003413 9.2819433 30.0000000 -13.7165709
14.6191137 8.7263941 30.0000000 -15.0574486
15.5563506 8.2930341 16.5184113 -8.2678305
15.8398808 7.8673235 15.6347769 -6.9975567
16.0658203 7.4707910 15.2261534 -7.3236651
30.0000000 7.1195788 30.0000000 -24.1849037
30.0000000 7.1765081 11.7602385 0.4157910
30.0000000 6.8550992 12.3727838 -0.1609029
30.0000000 6.5440886 30.0000000 -24.7049180
30.0000000 6.8578660 10.8249560 -1.4235145
30.0000000 6.7281139 10.9331896 -1.2928143
30.0000000 6.6036443 30.0000000 -24.7049180
30.0000000 7.3334644 9.5994128 -1.0903168
30.0000000 7.4079602 30.0000000 -22.9421688
30.0000000 30.0000000 8.5050290 23.7138380
30.0000000 30.0000000 30.0000000 -4.7049180
30.0000000 30.0000000 30.0000000 -4.7049180
30.0000000 30.0000000 30.0000000 -4.7049180
30.0000000 30.0000000 30.0000000 -4.7049180
30.0000000 30.0000000 30.0000000 -4.7049180
30.0000000 30.0000000 30.0000000 -4.7049180
