22.0000000 7.7781746 9.1923882 0.5615703
21.0001601 7.7528870 9.2225678 0.4889462
20.0004633 7.7264781 9.2537357 0.4110962
19.0008211 7.6997184 9.2849377 0.3300547
18.0011648 7.6733229 9.3152772 0.2478544
17.0014474 24.3324035 9.3439409 23.1200114
16.2467598 30.0000000 10.9166207 21.3112698
15.7049971 6.1423199 13.4086306 -3.5367487
14.6285001 30.0000000 13.4537398 20.4217007
14.1988764 30.0000000 14.5819160 16.1626786
13.7799741 30.0000000 13.1021042 23.0208199
13.8583155 28.6766982 11.7976567 23.4679368
14.3252043 27.6564354 10.8196288 23.1340518
15.2834269 27.0420927 10.1219321 22.4312906
16.9434985 13.2284768 9.6662062 22.0931120
28.6145601 9.7283335 9.4407535 8.2230157
27.0034496 9.7561246 9.1230006 7.9155363
25.5151949 9.7313439 8.8539353 7.5085930
24.1326153 9.6818626 8.6293523 7.0833078
22.8362832 9.6166321 8.4462885 6.6507849
21.6096690 9.5403972 8.3020964 6.2311121
20.4386177 9.4546870 8.1947656 5.8105385
19.3119284 9.3616438 8.1220247 5.4028423
18.2201090 9.2619274 8.0819854 4.9897700
17.1556312 9.1573317 8.0721128 4.5843852
16.1120898 9.0486017 25.1846997 -16.3287078
15.3570916 10.4193857 30.0000000 -11.3094424
14.5899646 11.9198024 30.0000000 -14.2487138
13.9655455 14.4706781 30.0000000 -16.6526687
13.5209122 13.0871510 30.0000000 -18.3892048
13.2900470 11.7771600 30.0000000 -19.3097548
13.3009732 10.7072329 30.0000000 -17.8999100
13.4641713 9.8533010 30.0000000 -15.9959824
13.7376491 9.1591425 30.0000000 -14.7146271
14.1660447 8.5866493 30.0000000 -15.1194250
14.9955499 8.1332554 30.0000000 -17.2383833
16.7883410 7.8338328 14.2347633 -1.6994375
16.1130344 7.3926298 15.1661092 -7.4721444
30.0000000 7.0516982 14.6650349 -7.2025871
30.0000000 6.7501668 14.2413710 -5.7255257
30.0000000 6.4635202 30.0000000 -24.7049180
30.0000000 6.6562087 11.5651711 -0.6663325
30.0000000 6.4456296 11.8331985 -0.4610608
30.0000000 6.2335179 30.0000000 -24.7049180
30.0000000 6.7449904 10.3992227 -1.9974940
30.0000000 6.7589571 10.3328281 -2.0945300
30.0000000 6.7939342 30.0000000 -24.7049180
30.0000000 30.0000000 9.0497362 23.3316620
30.0000000 30.0000000 30.0000000 -4.7049180
30.0000000 30.0000000 30.0000000 -4.7049180
30.0000000 30.0000000 30.0000000 -4.7049180
30.0000000 30.0000000 30.0000000 -4.7049180
30.0000000 30.0000000 30.0000000 -4.7049180
30.0000000 30.0000000 30.0000000 -4.7049180
