22.0000000 12.7279221 4.2426407 18.6335541
21.1728456 11.5622511 4.7787849 13.4561769
20.4316120 10.7868769 5.4881553 10.3535564
19.7033871 10.1687953 6.3755085 7.9656679
18.9514884 9.6322348 7.4187558 6.0209035
18.1579091 9.1416323 8.5796070 4.9899595
17.3386426 8.6653352 9.8796810 5.4856722
16.5467729 8.1695294 11.5104887 4.7805383
15.7341275 30.0000000 13.3623554 19.5310445
15.6560637 30.0000000 14.0107474 16.4585326
15.6230506 30.0000000 12.8868688 21.6799843
16.2468739 29.7770661 11.9660409 20.9554486
17.3386106 9.3955412 11.3028094 9.3616880
17.4864369 10.4154937 10.7207721 12.5223044
18.2848466 9.6802816 10.2475367 9.2453462
30.0000000 9.8246010 9.8175219 9.0984150
29.1351314 9.8234615 9.4482360 8.5817438
27.4782027 9.7961083 9.1308624 8.0732990
25.9667157 9.7525784 8.8608893 7.5953304
24.5695268 9.6953714 8.6350539 7.1408483
23.2628872 9.6263502 8.4507060 6.6917436
22.0287002 9.5482168 8.3052307 6.2635642
20.8519197 9.4614420 8.1966780 5.8373564
19.7208833 9.3678025 8.1227784 5.4271546
18.6257577 9.2676568 8.0816933 5.0114473
17.5588198 9.1627834 8.0708656 4.6040713
16.5134879 9.0538650 25.8392587 -16.3081056
15.7648822 10.4279544 30.0000000 -11.0384275
14.9976886 11.9024806 30.0000000 -12.6846737
14.3323288 14.1876989 30.0000000 -15.2354680
13.8312559 13.5839425 30.0000000 -17.1719502
13.5272012 12.2366400 30.0000000 -18.3647075
13.4481687 11.1135957 30.0000000 -18.0792712
13.5687017 10.2046486 30.0000000 -16.2198208
13.7996648 9.4675814 30.0000000 -14.7549124
14.1595369 8.8584821 30.0000000 -14.4140140
14.7887838 8.3613414 30.0000000 -16.2653473
16.1652596 8.0033031 15.0900264 -4.3323855
15.9172505 7.5691726 15.4443735 -7.6851271
30.0000000 7.2103388 14.8736502 -7.2296299
30.0000000 6.8889523 14.4385720 -6.5471789
30.0000000 6.5976728 30.0000000 -24.7049180
30.0000000 6.7697810 11.5550078 -0.6743668
30.0000000 6.5436999 11.8544430 -0.4475306
30.0000000 6.3155948 30.0000000 -24.7049180
30.0000000 6.7976009 10.4127362 -1.9778587
30.0000000 6.7896352 10.3669464 -2.0445488
30.0000000 6.8005638 30.0000000 -24.7049180
30.0000000 30.0000000 9.0809386 23.3084456
30.0000000 6.9373767 30.0000000 -24.7049180
30.0000000 30.0000000 30.0000000 -4.7049180
30.0000000 30.0000000 30.0000000 -4.7049180
30.0000000 30.0000000 30.0000000 -4.7049180
30.0000000 30.0000000 30.0000000 -4.7049180
30.0000000 30.0000000 30.0000000 -4.7049180
30.0000000 30.0000000 30.0000000 -4.7049180
