22.0000000 8.4852814 8.4852814 2.3702363
21.0028513 8.3706824 8.6047198 2.1288341
20.0084911 8.2526888 8.7363457 1.8747606
19.0155847 8.1329543 8.8768701 1.6106366
18.0230339 8.0130431 9.0227666 1.3341385
17.0299607 30.0000000 9.1700619 23.2459765
16.3702803 7.0563417 10.9448554 -0.9584433
15.3545357 30.0000000 11.1818338 22.0627009
14.8851383 30.0000000 14.1486565 16.6515600
14.4286024 30.0000000 14.3205841 16.7650993
14.1130414 30.0000000 12.9284232 23.2852648
14.3476980 28.7184580 11.7324302 23.1171819
14.9876891 27.8393525 10.8515381 22.6437081
16.1776137 17.4010980 10.2365225 22.2447015
30.0000000 10.4788788 9.8605062 11.2549845
29.0453977 9.9912241 9.4959250 9.2696972
27.3173676 9.8592988 9.1748493 8.3640717
25.7770864 9.7874518 8.8987403 7.7689582
24.3638680 9.7202796 8.6664663 7.2662744
23.0468106 9.6474416 8.4758040 6.7946293
21.8052269 9.5678236 8.3242922 6.3551966
20.6229196 9.4804512 8.2100537 5.9206163
19.4876988 9.3867330 8.1307932 5.5062629
18.3893397 9.2866290 8.0847374 5.0863640
17.3199197 9.1819077 8.0693168 4.6753830
16.2726901 9.0731887 25.5816363 -16.2323926
15.5253488 10.4627875 30.0000000 -10.9041602
14.7549650 11.9447472 30.0000000 -13.6158471
14.1171234 14.4128846 30.0000000 -16.0620764
13.6527282 13.2657579 30.0000000 -17.8735720
13.3954663 11.9464237 30.0000000 -18.8896319
13.3727286 10.8598977 30.0000000 -17.9199231
13.5207144 9.9877802 30.0000000 -15.9383535
13.7695299 9.2784784 30.0000000 -14.7084423
14.1708889 8.6925156 30.0000000 -14.8401618
14.9218733 8.2226148 30.0000000 -16.8467446
16.5459660 7.9006215 14.5238634 -2.5831776
16.0209526 7.4608499 15.2873085 -7.6070913
30.0000000 7.1133478 14.7476084 -7.2153568
30.0000000 6.8039510 14.3192360 -6.0542547
30.0000000 6.5155693 30.0000000 -24.7049180
30.0000000 6.7000838 11.5624426 -0.6684889
30.0000000 6.4833236 11.8427941 -0.4549478
30.0000000 6.2648350 30.0000000 -24.7049180
30.0000000 6.7644761 10.4056587 -1.9881377
30.0000000 6.7696277 10.3474135 -2.0731328
30.0000000 6.7949184 30.0000000 -24.7049180
30.0000000 30.0000000 9.0631182 23.3217409
30.0000000 6.9565989 30.0000000 -24.7049180
30.0000000 30.0000000 30.0000000 -4.7049180
30.0000000 30.0000000 30.0000000 -4.7049180
30.0000000 30.0000000 30.0000000 -4.7049180
30.0000000 30.0000000 30.0000000 -4.7049180
30.0000000 30.0000000 30.0000000 -4.7049180
30.0000000 30.0000000 30.0000000 -4.7049180
