22.0000000 6.3639610 10.6066017 -1.7011645
21.0014690 6.4278830 10.5031815 -1.8474263
20.0052713 6.5137832 10.3805665 -2.0246654
19.0118363 6.6253492 10.2370087 -2.2439173
18.0217658 6.7675351 10.0703048 -2.5165299
17.0359001 22.7248370 9.8778860 22.7291165
16.1228730 6.1836319 11.1724554 -1.0838066
15.1167613 30.0000000 11.1966391 22.4397947
14.4250246 30.0000000 13.3135526 21.3842295
13.9230986 30.0000000 14.8862328 15.5708303
13.4004935 30.0000000 13.3002831 22.4331371
13.3031895 28.6372868 11.8698513 23.8545241
13.5838150 27.4417769 10.7719192 23.2050020
14.2548783 26.6763243 9.9703833 22.5842308
15.4846936 19.2843480 9.4151201 22.9964283
29.0572766 12.1189201 9.0989224 16.8429818
26.7605251 10.3299733 8.8882736 9.7949246
25.1799237 9.9888212 8.6614620 8.2717138
23.7855857 9.8094034 8.4696881 7.3986401
22.5008501 9.6779979 8.3153056 6.7674037
21.2917011 9.5613981 8.1979942 6.2160662
20.1390396 9.4502371 8.1156842 5.7345055
19.0288858 9.3386384 8.0669786 5.2725535
17.9513893 9.2256937 8.0495035 4.8266949
16.8987182 9.1110762 26.6780079 -16.0850684
16.1624666 10.5105455 30.0000000 -10.7189374
15.3993978 11.9910110 30.0000000 -11.1479846
14.6991521 14.0775621 30.0000000 -13.8263081
14.1501844 14.0348613 30.0000000 -15.9361508
13.7836584 12.6674385 30.0000000 -17.3568375
13.6268851 11.5044425 30.0000000 -17.9750257
13.6997925 10.5469369 30.0000000 -16.4895840
13.9043689 9.7705283 30.0000000 -14.7077557
14.2053908 9.1284270 30.0000000 -13.8232136
14.6853804 8.5941725 30.0000000 -15.4727486
15.7707310 8.1881157 15.9114336 -6.5640449
15.8285006 7.7564983 15.6234953 -7.4685121
30.0000000 7.3756508 15.0905632 -7.2598743
30.0000000 7.0347459 14.6407192 -7.1924791
30.0000000 6.7353507 30.0000000 -24.7049180
30.0000000 6.8851080 11.5533401 -0.6756857
30.0000000 6.6427283 11.8883523 -0.4259647
30.0000000 6.3977989 30.0000000 -24.7049180
30.0000000 6.8483090 10.4366607 -1.9431905
30.0000000 6.8171024 10.4144490 -1.9753728
30.0000000 6.8024702 30.0000000 -24.7049180
30.0000000 7.7947197 9.1244757 0.5441145
30.0000000 30.0000000 30.0000000 -4.7049180
30.0000000 30.0000000 30.0000000 -4.7049180
30.0000000 30.0000000 30.0000000 -4.7049180
30.0000000 30.0000000 30.0000000 -4.7049180
30.0000000 30.0000000 30.0000000 -4.7049180
30.0000000 30.0000000 30.0000000 -4.7049180
30.0000000 30.0000000 30.0000000 -4.7049180
