22.0000000 11.3137085 5.6568542 12.4416491
21.0779080 10.5811438 6.1115348 9.5573014
20.2032606 10.0226510 6.6554379 7.4095553
19.3358277 9.5548538 7.2722490 5.6712054
18.4552464 9.1406174 7.9387987 4.4183401
17.5569010 8.7546193 8.6447695 3.5866193
16.6433285 30.0000000 9.3902358 23.0848125
16.4112489 7.5927588 12.7532738 2.2094999
15.4929819 30.0000000 14.1217122 16.1046572
15.1802345 30.0000000 14.0444258 16.7270792
15.0554750 30.0000000 12.8377775 22.5411516
15.5696400 29.3667219 11.8358472 21.7526660
16.5235671 18.4330231 11.1118589 21.0958296
18.1191706 9.0751579 10.6235862 7.5940945
30.0000000 9.9270442 10.1284593 9.9169272
30.0000000 9.8516543 9.7196077 9.0552959
28.4791520 9.8256719 9.3643200 8.4787486
26.8647356 9.7897314 9.0592468 7.9632247
25.3876507 9.7410923 8.8005827 7.4819281
24.0182195 9.6806218 8.5852063 7.0324441
22.7336843 9.6087593 8.4107407 6.5888586
21.5170486 9.5279497 8.2746878 6.1590451
20.3543382 9.4391945 8.1749632 5.7375363
19.2343599 9.3436280 8.1094778 5.3239681
18.1479644 9.2421742 8.0761436 4.9098940
17.0877379 9.1361958 30.0000000 -15.9894786
16.3704117 10.5879692 30.0000000 -10.4158363
15.6135989 12.1001410 30.0000000 -10.3166257
14.9006423 14.1349758 30.0000000 -13.0602155
14.3343835 14.2105940 30.0000000 -15.2274963
13.9437410 12.8510837 30.0000000 -16.7373619
13.7553512 11.6822062 30.0000000 -17.4689443
13.7884337 10.7103567 30.0000000 -16.5408302
13.9818093 9.9177811 30.0000000 -14.6234004
14.2570399 9.2618235 30.0000000 -13.5887396
14.6835935 8.7126001 30.0000000 -15.1419363
15.6646838 8.2873985 16.2312738 -7.2705805
15.8021157 7.8530130 15.6992841 -7.3002880
16.0819194 7.4606930 15.2045674 -7.2890259
30.0000000 7.1103044 30.0000000 -24.2252596
30.0000000 7.1699783 11.7525391 0.3768297
30.0000000 6.8507093 12.3556816 -0.1690989
30.0000000 6.5413905 30.0000000 -24.7049180
30.0000000 6.8587517 10.8113718 -1.4405686
30.0000000 6.7315445 10.9155502 -1.3124633
30.0000000 6.6098405 30.0000000 -24.7049180
30.0000000 7.3462499 9.5835155 -1.0400692
30.0000000 7.4215231 30.0000000 -22.8846997
30.0000000 30.0000000 8.4942695 23.7212995
30.0000000 30.0000000 30.0000000 -4.7049180
30.0000000 30.0000000 30.0000000 -4.7049180
30.0000000 30.0000000 30.0000000 -4.7049180
30.0000000 30.0000000 30.0000000 -4.7049180
30.0000000 30.0000000 30.0000000 -4.7049180
30.0000000 30.0000000 30.0000000 -4.7049180
