22.0000000 9.1923882 7.7781746 4.5131570
21.0103293 8.9604444 7.9905095 3.7637864
20.0287804 8.7448951 8.2200586 3.1175338
19.0500198 8.5408221 8.4618026 2.5618710
18.0708872 8.3449880 8.7113962 2.1869339
17.0906773 30.0000000 8.9715409 23.3885809
16.5239796 7.3036883 10.9533702 0.3865802
15.5320946 30.0000000 11.4181583 21.8060889
15.1574124 30.0000000 14.8958985 13.2770367
14.6399737 30.0000000 14.1990517 16.8942381
14.3893784 30.0000000 12.8683057 23.0854710
14.7137241 28.7945726 11.7401375 22.8476881
15.4687209 27.9968144 10.9152422 21.8969211
16.7635190 13.7640685 10.3434287 22.8910435
30.0000000 9.0707752 10.0252351 7.2554735
29.1352013 9.5226031 9.6228328 7.7949338
27.5145980 9.6847321 9.2767885 7.8494673
25.9919580 9.7149401 8.9831663 7.5991049
24.5720591 9.6901568 8.7366898 7.2264778
23.2428315 9.6391234 8.5332900 6.8196678
21.9885917 9.5720219 8.3700552 6.4125981
20.7948805 9.4927220 8.2448118 5.9987454
19.6499044 9.4044506 8.1552457 5.5925867
18.5435529 9.3085353 8.0994048 5.1814849
17.4676836 9.2069128 8.0748755 4.7746237
16.4153928 9.1006286 26.0297187 -16.1247607
15.6790323 10.5207018 30.0000000 -10.6793771
14.9119639 12.0189594 30.0000000 -13.0166286
14.2654059 14.4457034 30.0000000 -15.4942800
13.7872052 13.4057174 30.0000000 -17.3427754
13.5095605 12.0869353 30.0000000 -18.4333962
13.4596030 10.9920172 30.0000000 -17.8681904
13.5966321 10.1075723 30.0000000 -15.9473312
13.8368119 9.3881332 30.0000000 -14.6094075
14.2154781 8.7926304 30.0000000 -14.6085597
14.9135284 8.3110558 30.0000000 -16.5427434
16.4263847 7.9731714 14.6796346 -2.8822636
15.9411850 7.5290247 15.4043993 -7.7224966
30.0000000 7.1749280 14.8285029 -7.2254013
30.0000000 6.8578583 14.3957082 -6.3716181
30.0000000 6.5676694 30.0000000 -24.7049180
30.0000000 6.7442401 11.5581987 -0.6718437
30.0000000 6.5215032 11.8507179 -0.4499021
30.0000000 6.2968484 30.0000000 -24.7049180
30.0000000 6.7851513 10.4106165 -1.9809361
30.0000000 6.7818658 10.3603381 -2.0542100
30.0000000 6.7979109 30.0000000 -24.7049180
30.0000000 30.0000000 9.0749267 23.3129416
30.0000000 6.9436343 30.0000000 -24.7049180
30.0000000 30.0000000 30.0000000 -4.7049180
30.0000000 30.0000000 30.0000000 -4.7049180
30.0000000 30.0000000 30.0000000 -4.7049180
30.0000000 30.0000000 30.0000000 -4.7049180
30.0000000 30.0000000 30.0000000 -4.7049180
30.0000000 30.0000000 30.0000000 -4.7049180
